# # Sample easy astronomical survey (coordinates in degrees, equatorial)
# # ID RA DEC
61239 23.404500 -21.111100
62511 45.812600 -28.579700
61076 66.439300 -36.745700
61972 35.659200 -35.641500
62007 53.577000 -29.677200
61676 58.046400 -21.154700
62146 42.992000 -28.472800
62371 41.466500 -18.499300
61400 42.236200 -21.549900
62509 50.223700 -20.095800
61259 64.877900 -37.113900
62703 39.201400 -15.596300
61061 56.058100 -32.866200
62089 10.066100 -25.021900
61217 4.616600 -22.041700
62118 40.764000 -36.389900
62445 12.643700 -46.304200
62092 10.207600 -51.607900
62023 48.225200 -14.304300
62021 41.669000 -18.832500
61705 359.498900 -39.081400
61824 46.948100 -50.443800
61730 8.020900 -45.267800
61734 30.718100 -36.348900
61067 63.839300 -34.869900
61039 43.719700 -5.351400
62710 56.331400 -45.741800
62708 57.478800 -45.488800
62498 20.517900 -15.157600
62373 41.139500 -29.084000
61729 28.418000 -40.708800
61579 23.824800 -15.288000
61744 39.330400 -34.322900
61759 38.965500 -10.323300
62702 36.221800 -42.323900
61029 51.545700 -21.577800
61624 45.191300 -24.438300
61968 5.550000 -40.211600
61239 53.823700 -40.265900
62009 34.169200 -6.553700
61550 14.320000 -32.816900
61929 4.027000 -26.368200
61932 1.028600 -38.347600
61735 27.297700 -29.042800
62123 28.892800 -14.990800
62473 24.340100 -27.305600
61724 20.529100 -32.434600
61407 30.965500 -12.432400
62831 6.984800 -19.428800
62370 33.102300 -7.864700
62366 40.049000 -9.569300
61981 23.775500 -11.358900
61171 57.875900 -42.743000
62539 41.164400 -30.466600
62713 51.350800 -36.060700
62377 35.675300 -28.433100
61409 49.955000 -56.779000
61664 49.172600 -23.146100
61242 17.678300 -22.689800
61244 30.501700 -41.571600
61663 48.013000 -10.518500
61738 31.340700 -20.671300
61036 41.176600 -0.798400
61991 44.459000 -6.180400
62511 49.248900 -30.898300
62721 37.418900 -3.903000
61554 0.134900 -22.656100
61356 18.867000 -43.843800
61431 56.881400 -28.321500
61852 64.830800 -47.901400
61982 12.173300 -35.131100
61254 48.186500 -16.721800
61628 43.644600 -22.010800
62473 24.891200 -25.016600
62470 6.349200 -35.750300
61392 41.210300 -11.725200
61957 20.555200 -15.904000
61613 12.891200 -38.177900
62299 45.048700 -55.708400
61430 53.863800 -52.383300
62715 30.165900 -36.036400
61958 21.807900 -17.810900
61593 30.019700 -42.021600
61643 37.121000 -5.574700
61058 35.163000 -14.287500
61628 42.134100 -21.157600
61549 14.029200 -44.339000
62684 23.004300 -31.920200
61933 26.209500 -24.980200
61369 15.821000 -46.389200
61754 40.409700 -40.423000
61733 8.673700 -31.519800
61217 8.014700 -45.780000
61590 54.571600 -46.349300
61819 50.974000 -40.242400
61634 31.038200 -24.441200
61406 33.574700 -19.962400
62003 39.270200 -5.180700
62711 21.015300 -37.280000
61402 39.341600 -5.075500
61756 36.126400 -24.032500
62108 25.175700 -28.828300
62082 13.978100 -32.538900
61424 54.386500 -35.033400
62126 28.655200 -38.883200
62502 19.141100 -24.602800
62326 56.476400 -49.054900
62126 29.558400 -33.492400
61974 40.088300 -43.364400
62377 36.155600 -3.466900
61061 56.508800 -35.172800
61015 36.812200 -25.086900
62105 8.758800 -46.356200
62017 57.847800 -31.075300
62363 42.228300 -16.349600
61966 16.475500 -15.032300
61214 11.990200 -41.920100
61221 57.278100 -57.185800
61357 65.826100 -36.243300
61658 59.422500 -29.980400
61408 37.249200 -22.472900
62506 36.238200 -9.284100
61928 49.105500 -54.202000
62372 42.084300 -25.724700
62711 20.564600 -40.647200
61618 38.472100 -25.963300
61215 49.797700 -47.935100
62368 40.084700 -5.950600
62178 52.986200 -41.084600
62343 29.517200 -25.951100
61065 62.990100 -60.876100
61065 57.964500 -57.581700
62712 13.309600 -26.520500
62704 39.372500 -15.252600
61025 32.399500 -16.461000
61986 23.393700 -11.696800
61981 24.675100 -13.453300
62335 26.227900 -24.871300
62151 50.155600 -36.295500
62158 40.385900 -31.134200
61362 2.443700 -43.305000
61016 41.144500 -36.387100
61943 20.208300 -29.024200
61170 66.550200 -36.365900
61774 26.115000 -27.072200
61758 47.083300 -16.970500
62681 11.435800 -44.409000
61035 45.108000 -21.722500
62333 54.637000 -28.125800
61565 50.510700 -48.205300
62476 11.337300 -31.079500
61603 56.869700 -46.003600
61361 10.072400 -17.749600
61734 5.114500 -28.715600
62701 359.868100 -25.275500
61772 44.178500 -18.141100
61825 42.571500 -47.507700
61819 68.203600 -54.220600
61062 48.242000 -25.200100
61730 21.153500 -22.791200
61221 45.266000 -43.370000
61649 37.362000 -7.882600
61360 10.647100 -24.278200
61593 0.471500 -39.484700
61978 33.525900 -21.181600
61209 46.221700 -50.951400
61658 55.182800 -26.482300
61430 58.329300 -38.213500
62091 28.835800 -41.959800
61213 14.210500 -42.003300
62328 15.226600 -15.841700
62112 23.689200 -11.885000
61211 48.275000 -51.141000
61630 31.577800 -7.989300
61358 8.660400 -45.080200
61426 53.546200 -31.153500
62142 41.264000 -20.378500
61444 66.221500 -35.271800
61624 52.095600 -27.697200
62263 61.226000 -60.072700
61983 24.273700 -27.390700
61038 44.166700 -1.995600
62508 47.852200 -40.039600
61769 51.180000 -22.041600
61431 58.005900 -29.158400
62827 15.240200 -32.749400
61431 56.197400 -29.795200
61263 19.693800 -31.032600
62473 22.789900 -22.988700
61427 31.199400 -12.419700
61963 28.942700 -15.448000
62675 17.352100 -31.732600
61025 27.269200 -35.334700
61809 60.880400 -40.227800
62711 21.105400 -34.596400
62471 16.906600 -17.807500
62236 51.356200 -44.154600
61240 28.774000 -21.346700
61375 42.900300 -39.366100
61762 7.011000 -46.002100
62476 7.937000 -20.821700
61213 15.777800 -40.937700
61757 37.176700 -7.007700
61264 20.274100 -29.175800
62706 28.012500 -27.732100
61981 15.422700 -35.181900
61215 18.160100 -26.483800
62332 61.455500 -45.191700
61027 7.026800 -33.382600
62335 28.048100 -22.799600
62718 24.391900 -11.347100
62365 31.054800 -31.500300
61964 18.775600 -22.127400
61772 31.942700 -28.604500
61633 31.191300 -18.209500
61437 33.374500 -47.389700
62669 12.219500 -18.215100
62003 41.745700 -14.604300
62300 48.391100 -53.351700
62710 20.462900 -36.099600
61359 4.527700 -41.783700
61040 35.007400 -39.373000
61627 58.039600 -35.966200
62497 39.546200 -9.319500
61062 26.368700 -26.886700
61073 41.354300 -43.947000
62327 16.175200 -19.025800
62365 35.128000 -26.504000
61819 50.738500 -43.645800
61372 9.729900 -50.054600
61604 58.590400 -44.085800
61214 14.515600 -21.649400
62111 27.937800 -13.311900
61769 23.810200 -19.773100
61608 33.657300 -6.048700
61662 53.829500 -25.011400
62668 6.522800 -23.623600
61599 19.291400 -21.041600
62122 29.683000 -13.212900
62108 23.590000 -32.344200
61039 44.098500 -35.023700
62705 40.387400 -15.003900
61604 52.343500 -28.986400
61707 4.353700 -39.374200
62113 38.561000 -39.798400
61058 35.834600 -10.946800
61059 60.799500 -55.883700
61404 16.540500 -17.489100
61247 16.379300 -18.573800
61550 14.494600 -36.331000
62112 22.920400 -14.447500
61797 54.942100 -26.828200
61953 4.623500 -32.875500
62542 60.393600 -52.114100
61021 20.001900 -12.647700
61435 64.842900 -42.595000
62328 38.135100 -42.480800
61036 40.136700 -14.936800
62133 32.471200 -23.720100
61355 66.920100 -35.423600
61719 0.252200 -23.113400
61240 30.571700 -15.366600
61239 24.565500 -14.714200
61429 38.211700 -24.670300
61024 20.373000 -12.652300
62339 54.309600 -34.956500
61618 41.581700 -18.616400
61220 31.665500 -39.473600
61216 60.189900 -57.036400
61372 11.671600 -44.841700
61372 9.655700 -48.509100
61744 37.509700 -25.985700
61779 46.990100 -24.135300
62088 24.248500 -41.789100
61660 43.629700 -27.854300
61803 62.098000 -52.815100
61025 33.559300 -22.891800
62477 9.754300 -20.343500
62705 27.013600 -11.334800
61820 67.528700 -45.771100
61954 16.286300 -17.841100
61948 22.170900 -27.876100
61659 47.219000 -16.254100
61359 6.052200 -43.804900
62510 47.420600 -19.731100
61619 49.185000 -18.694700
61615 17.771900 -48.032200
62134 29.660300 -17.196900
61734 3.743600 -22.194500
61216 58.442800 -60.750400
61025 32.581500 -20.770300
61852 60.270400 -51.390200
61392 37.051500 -44.089400
62361 49.391600 -31.539700
62099 11.503200 -20.617800
61374 25.194500 -31.534500
61552 15.967200 -31.436900
61607 9.797300 -28.131000
61759 35.183000 -12.262300
62728 25.756100 -10.411400
62152 48.930700 -16.275400
61397 41.567500 -35.877400
62359 32.375700 -28.501300
62833 15.000100 -33.696600
62298 7.640500 -27.620100
62083 9.986300 -35.065200
62147 61.317900 -31.898700
61060 53.847500 -57.743500
61654 40.748700 -24.115700
62471 17.823700 -18.768100
62142 42.255400 -25.035200
62305 10.391700 -44.007300
61551 16.884900 -39.712100
61759 45.725700 -14.612000
62721 34.059500 -11.216600
62018 46.765900 -12.592000
61582 52.862900 -27.194700
62362 39.060000 -16.557300
62700 24.292400 -37.420800
61758 24.077900 -21.789100
62728 24.033100 -13.522100
61766 44.722100 0.189300
61434 45.740400 -46.063300
62359 36.328700 -16.050200
62103 9.026500 -29.506500
61067 67.128300 -34.074200
61357 7.960500 -20.392700
62835 12.254100 -26.431300
62474 21.174400 -14.067400
62711 19.675800 -45.186800
62028 44.330900 -22.616200
61597 59.272600 -40.325100
61573 6.890400 -22.087800
61729 10.269400 -43.296400
62333 50.921700 -27.055000
61036 39.687800 -20.359200
62365 31.598800 -32.714200
61209 44.715800 -45.520700
61368 15.337100 -38.892000
61063 52.528600 -53.935100
62168 69.545800 -51.157000
61573 16.116400 -36.363100
61961 49.637800 -35.006500
61249 8.180500 -21.196700
61613 9.163500 -43.365000
62834 14.586700 -22.394700
61447 60.084600 -31.745700
61909 8.986100 -42.462900
61624 57.848000 -36.061300
61374 24.258800 -28.498400
62727 41.293900 -41.899500
62333 52.894800 -29.558200
61963 28.644300 -11.312400
61966 22.523900 -16.163400
62118 31.688800 -5.505600
61221 55.632000 -54.269700
62084 15.012400 -29.568200
61058 46.606800 -20.154700
62106 28.759800 -29.130500
62543 56.561400 -51.449900
61555 5.107300 -25.615600
61619 49.074700 -20.991100
61629 51.482000 -29.084000
62330 26.986900 -21.290700
61245 35.958200 -33.218500
61213 16.885800 -37.954600
62828 24.738100 -30.021700
61738 35.134300 -27.549500
62006 37.804100 -16.850800
61958 41.126700 -42.730600
62168 45.046000 -42.605100
62300 46.797100 -53.009500
61879 41.605500 -47.541200
62727 20.273400 -13.397100
62444 7.060800 -35.754700
61729 26.200500 -39.149700
61755 26.386400 -23.474800
61393 31.577400 -33.573700
62681 48.810700 -41.417500
62091 28.019700 -40.969800
61599 18.359000 -18.885800
62128 23.458400 -14.276200
61028 57.320800 -34.403800
61356 20.413600 -44.545700
61372 12.339200 -41.829300
61253 53.344300 -31.579600
61769 50.359900 -22.706600
61653 43.709500 -6.467200
62335 47.296300 -42.106900
62471 5.195700 -22.160600
62178 55.495700 -38.708100
62474 22.374000 -20.643900
62343 29.412200 -27.115700
62338 41.584100 -40.753800
61366 21.112100 -29.350600
62098 12.707800 -23.903400
62721 35.831600 -3.364100
62509 41.653600 -32.510600
61992 48.302000 -33.950800
62236 52.367500 -43.875800
61370 10.304800 -42.218300
61630 32.096000 -12.771800
61034 30.147800 -34.694100
62714 65.150900 -48.112700
62327 57.801000 -44.535400
61747 25.563200 -12.422700
62829 2.329800 -28.968900
61720 11.148300 -41.120600
62447 1.880000 -22.646000
62331 61.860900 -49.015300
61657 47.183400 -9.748900
61585 7.299100 -47.402300
61256 66.573500 -36.789800
62517 57.425100 -33.398800
61428 62.227100 -60.541800
61039 44.025400 -20.490400
62681 9.296600 -19.771400
61019 13.635500 -25.013900
61670 59.018300 -24.985700
61374 12.403500 -22.577800
62081 11.270600 -41.829500
61398 31.850000 -38.973700
61629 30.073400 -9.318100
62723 23.835800 -29.763000
62001 33.041300 -14.877100
61981 22.296400 -14.592000
61598 28.524100 -40.524700
61214 14.647900 -24.680500
61580 4.948200 -20.317800
61588 0.547700 -40.287500
61734 4.550500 -26.018100
61657 44.722400 -15.563900
61374 12.435900 -17.657300
61976 20.010800 -24.449700
62727 20.582200 -28.434600
62393 45.848900 -21.841700
61738 13.734600 -16.731400
62330 27.436500 -19.790900
61032 6.515600 -27.146300
61170 56.519800 -41.082000
62143 42.619000 -45.474100
61632 31.140100 -12.742200
61403 45.915500 -4.389900
62011 33.217200 -5.663900
61962 43.708700 -8.371000
61083 70.602100 -51.521200
61754 44.129400 -41.350800
61948 60.426800 -55.156400
62168 66.006800 -58.108200
61602 30.493400 -23.016900
61973 25.874900 -19.008900
61719 2.947200 -27.499100
61076 44.744800 -43.151400
61082 73.216500 -56.848200
61996 25.377900 -32.091100
62308 39.493700 -51.795700
61782 41.167700 -15.631200
62832 19.571500 -43.738800
61036 18.992200 -21.552300
62088 19.929200 -33.926000
61042 34.278300 -21.885700
62828 24.309600 -37.888500
62136 27.449300 -19.413100
62482 34.491000 -11.035000
61782 40.702000 -8.582100
61017 51.208100 -26.849100
61957 19.450200 -20.112500
62445 11.008900 -45.704800
62332 3.678400 -20.653300
62683 69.260700 -56.443000
61364 18.068900 -46.013600
61356 19.088000 -41.527000
62121 32.353900 -8.876100
61730 12.631700 -17.187700
61577 33.974400 -44.957500
61963 29.187100 -13.515200
61428 48.370400 -44.648300
62711 22.515000 -38.891600
62083 11.615600 -40.224000
61041 34.764600 -28.617600
61407 42.881900 -12.076100
61027 31.577300 -14.168800
62087 8.008200 -22.912200
61794 43.142700 -33.273200
61987 33.219000 -25.593000
62705 26.047300 -15.152500
62081 7.890900 -37.563300
62236 50.185000 -43.610200
62102 23.453600 -41.479200
62375 35.908100 -36.872800
61171 37.289200 -49.706300
61573 4.289600 -21.795400
61765 55.855300 -22.184900
61366 23.810600 -34.220600
61564 13.038100 -28.348200
61793 50.748800 -48.203300
62168 68.715300 -54.219000
61733 7.119600 -29.164300
61815 53.049100 -40.700100
61768 52.276000 -24.137900
61750 31.707600 -30.548200
61249 8.889200 -21.725100
61744 36.288700 -28.280400
61983 31.967800 -13.686900
62022 55.484700 -35.105300
62472 32.058600 -26.226200
61550 14.412400 -35.152300
61575 21.833900 -38.686600
62540 69.901800 -51.785700
61256 65.316800 -34.455100
61972 13.957300 -17.817900
62683 68.196400 -54.591300
61026 17.397400 -15.307200
61219 13.965200 -17.906200
61259 14.255800 -17.159300
62022 56.125800 -34.046300
61039 44.158900 -10.036100
62703 11.574800 -17.333600
61078 59.789800 -40.255300
62828 25.535700 -29.578100
61429 47.511100 -36.167200
61784 51.335600 -50.413900
61370 16.203600 -39.062100
61444 63.908800 -36.564200
62670 64.111600 -34.113700
61430 53.900900 -51.227500
62113 37.706500 -35.275500
62471 7.293600 -34.696900
61785 31.533400 -33.680800
61210 63.057600 -59.854300
61401 22.050000 -14.135900
62028 51.136300 -26.809200
62103 8.610000 -22.265700
62136 26.979100 -17.089000
62146 44.185500 -30.012000
62682 10.533800 -42.584700
62445 5.633900 -37.382900
62167 56.499900 -42.701800
61058 35.121000 -12.728600
61216 51.512800 -51.283200
62178 53.666600 -45.860800
61074 68.226500 -46.247100
62376 42.923000 -38.752300
61730 8.039800 -46.059100
61630 34.445200 -7.802900
61029 51.865500 -28.317700
61408 45.639600 -27.731600
61257 62.089300 -44.837000
62007 55.088300 -28.807600
62649 67.597600 -47.665200
61627 40.077300 -19.675600
62303 26.872100 -41.700200
62023 45.281000 -14.035400
62013 35.617200 -17.337800
61628 25.036600 -28.108800
62309 9.041500 -32.270100
61550 6.154600 -43.399100
62134 29.770800 -13.751700
61223 6.018000 -30.978300
61627 24.623400 -33.216400
61839 37.484900 -46.777900
62481 19.470700 -18.910700
61404 50.013700 -16.613500
61604 62.808200 -53.945300
62087 8.938500 -30.656300
61063 50.737400 -49.886500
62127 26.609600 -33.365100
62027 45.841400 -15.444400
61216 61.581000 -61.962500
61222 49.500900 -45.834700
62326 55.403100 -45.662100
61240 20.588800 -21.291900
62093 20.460300 -39.168500
61814 52.320200 -48.668400
61251 47.106700 -26.242900
61958 14.970600 -38.233800
61569 42.155100 -47.414800
62079 10.021400 -37.340700
62374 36.726200 -19.093900
61223 28.867600 -22.354300
61745 28.441500 -39.800200
62339 7.882800 -38.574300
62830 2.733000 -29.924300
61252 11.960300 -23.442900
61392 52.331600 -22.370600
61819 64.117800 -56.406800
62008 33.487600 -6.855300
61040 34.146700 -37.156500
62680 23.641600 -21.259800
61948 25.460600 -26.574900
61077 54.258400 -28.938300
62078 13.159900 -38.876300
61771 41.336800 -40.288700
61259 37.664500 -21.153700
61424 53.359900 -31.576400
61604 58.674000 -44.109400
61391 30.544100 -7.333800
62365 32.285700 -28.540800
61998 28.462400 -35.614800
62718 27.614300 -9.050900
61427 49.150900 -49.761200
61973 26.192000 -18.284800
61062 27.462900 -25.609000
61600 63.483000 -39.585000
61580 23.238300 -19.535200
61760 45.715100 -17.293900
62700 26.947100 -38.992600
61624 56.169300 -34.938800
61040 35.651100 -30.431800
62720 55.889400 -32.920600
62097 26.988400 -43.186700
62708 55.899200 -38.631500
62367 40.010400 -18.164000
62011 33.803000 -5.681200
61569 49.077400 -57.522800
62027 52.390000 -22.739700
61429 40.174700 -27.263500
62123 27.301000 -25.650900
62096 12.097400 -26.161900
61258 67.324100 -55.836200
62649 9.376800 -29.335000
61258 40.830000 -23.190400
61403 47.728100 -10.212600
61363 13.066800 -17.196800
61027 33.408200 -21.850700
62122 30.417700 -11.788900
61635 42.869900 -3.098700
62710 50.492400 -45.172600
61762 33.659400 -9.744900
61058 46.621900 -19.785200
62711 22.005700 -35.068400
61242 36.001000 -44.638400
61853 51.045400 -30.066500
61667 50.603100 -21.180400
62186 61.633200 -36.664900
61402 37.952000 -6.744300
62114 38.059900 -38.683400
62471 7.934900 -30.164800
61569 47.507100 -54.289100
62372 44.905100 -7.654900
62002 46.430900 -38.445500
61034 32.004800 -6.112200
61584 54.352800 -28.146600
61257 44.412900 -38.009200
61025 31.620900 -18.263100
62152 42.251600 -29.608700
61992 51.570900 -29.614800
61074 66.507900 -44.062000
61750 33.676000 -35.659700
61027 31.952400 -15.707200
61853 54.484700 -27.458500
61659 47.057800 -16.602900
61744 37.215600 -25.217100
62708 56.513900 -48.495100
61597 58.952900 -37.199500
62477 35.531200 -32.108300
62726 41.643000 -34.948800
61573 4.160500 -22.145600
61962 6.534900 -21.659200
61189 5.209200 -43.619200
62123 27.285700 -22.874200
61652 39.083900 -14.952500
61447 59.599600 -29.894000
61709 13.639000 -39.584400
61715 9.126800 -38.197100
61623 37.640200 -30.427400
62104 19.994700 -30.122200
62127 44.477100 -8.325000
61259 14.385500 -16.818900
62474 15.036700 -17.353200
61579 45.774000 -40.803500
61724 27.739900 -39.064200
61663 48.203900 -11.762800
62712 13.309600 -26.520500
61393 52.820900 -25.441500
62304 30.144400 -42.022400
62370 45.381800 -23.919900
62334 49.409600 -44.170700
61560 65.737500 -60.241900
62082 10.598800 -45.021700
62362 50.640000 -29.470300
61728 5.638000 -38.164900
61580 3.872200 -30.073000
61650 42.136100 -5.778500
61759 40.835100 -10.644300
61728 8.002000 -45.364300
62082 22.594300 -43.924900
61798 47.297100 -25.748200
61403 46.826600 -9.753200
61625 20.399500 -14.621000
61762 16.884300 -19.425300
61592 7.962200 -19.323600
61602 30.656100 -22.257800
61963 28.193400 -22.409100
61992 50.712100 -35.481900
61758 23.966000 -20.222400
62707 27.785700 -33.860200
61437 60.831800 -29.099100
61728 2.943800 -44.163800
61082 71.410300 -57.660300
62539 43.482300 -16.377000
62370 41.661300 -27.235800
62829 16.762200 -47.785200
62096 13.914800 -29.202400
61445 58.252100 -49.125200
62154 58.432300 -33.338200
62113 38.659300 -32.532500
61565 65.292100 -36.054500
62669 12.261400 -28.555500
61247 16.929600 -15.515600
62133 31.608900 -18.014200
62706 28.959900 -27.918300
62091 22.423300 -31.988900
62478 35.596300 -39.374700
61428 61.465000 -57.438200
61744 39.808700 -35.821000
61404 46.095300 -13.059100
61973 33.684300 -40.923700
61624 51.002800 -38.750500
62501 19.985900 -25.201000
61948 5.941300 -25.675700
61579 43.572300 -40.591100
62327 21.309100 -16.367500
62512 44.808800 -33.221200
62262 62.339700 -61.793800
61757 37.145000 -12.655600
61642 34.667800 -6.446300
61720 14.635300 -43.975400
61909 7.873900 -42.484700
61067 65.248400 -37.170000
62013 47.858800 -25.157200
62126 29.558400 -33.492400
61219 13.642400 -21.398000
61904 49.224100 -49.666800
62084 15.780000 -31.868900
61659 43.324100 -6.194100
61239 53.660300 -46.340100
61427 29.166300 -17.742900
61962 5.839000 -27.479000
61739 9.210800 -41.930700
62096 10.628600 -17.444800
62011 34.739600 -4.780700
62301 10.718700 -25.437400
62701 3.570900 -24.142200
62103 8.335200 -26.126800
61986 42.782600 -20.370800
61034 42.739900 -5.517600
61649 43.458800 -4.177300
61254 68.065200 -36.678900
62669 10.300700 -29.595100
61598 9.039300 -38.502500
61027 29.861800 -10.343800
61262 21.099300 -35.984000
61609 11.049800 -27.490200
62359 44.793100 -35.627900
61394 36.457400 -43.079400
61628 50.230900 -20.372000
61630 32.632900 -11.755900
61216 55.400000 -52.910200
62017 45.345800 -14.462400
61356 19.610400 -42.667700
62540 69.790900 -52.954600
61017 18.612500 -28.700900
62096 13.085300 -23.093800
61063 44.572000 -43.864700
61968 11.182400 -36.890500
61839 41.185900 -47.106800
61564 15.278300 -23.012600
62368 35.660500 -12.522300
61609 24.418800 -11.448900
61956 16.429900 -24.611700
62338 42.689300 -36.956200
61245 34.585400 -37.278700
61553 18.992800 -45.999000
61553 69.152400 -55.458500
61654 44.304100 -19.016800
61024 21.231300 -13.652000
61966 20.788200 -15.857500
62476 10.370400 -30.931700
61031 22.310200 -20.097800
61785 35.861600 -16.619700
61784 48.631400 -51.485200
62446 10.761700 -32.279900
61170 65.579100 -36.965500
62309 8.200500 -31.769400
61064 39.839000 -46.049000
62126 29.123300 -28.938800
61982 13.554300 -32.638400
62445 8.686000 -41.313100
61879 49.349200 -52.309700
61404 47.970100 -15.991500
62013 36.134700 -5.921700
62168 70.240000 -53.770800
61569 40.541000 -43.713900
61371 15.697700 -47.781700
62262 44.507800 -43.049700
62116 33.593100 -9.688300
62237 54.076100 -39.820800
61573 15.454500 -38.650700
62298 6.453900 -32.493500
62482 38.867900 -13.441300
61408 46.057200 -29.656800
62327 57.805300 -44.141000
61248 8.779800 -18.191800
61989 50.366600 -34.300000
62375 39.315200 -33.687900
61551 19.915600 -38.843300
61073 36.660700 -47.839000
62334 30.772300 -20.869600
61795 39.441400 -14.504500
61207 36.461100 -45.966200
62832 3.745300 -26.386400
61909 52.480000 -47.060900
61657 45.635300 -15.723600
