# # Sample hard astronomical survey (coordinates in degrees, ecliptic)
# # ID RA DEC
8916 336.858034 89.325932
8372 156.663377 40.262044
7976 118.809664 45.752902
9462 145.177001 -23.082919
7948 104.522715 61.969020
9628 148.159808 -30.473472
9245 133.481589 22.644559
8025 169.994455 56.314216
7757 279.191119 -42.453344
8703 308.226399 88.718734
9225 281.506809 89.325807
8543 331.295931 -41.093871
8257 46.026211 -46.111878
8697 305.517262 -26.074051
9097 335.406405 -20.292572
7980 122.666334 45.752904
7548 251.293507 59.189746
8488 27.530461 -79.792277
8837 254.654149 24.348798
8074 220.898619 53.472454
8566 349.430804 -44.763702
8156 307.152445 -37.733038
7624 145.231509 89.377083
8798 215.675785 28.186953
9651 170.464275 -31.800714
7513 232.369410 67.505222
8655 78.229858 -35.233151
8635 55.379007 -26.534746
7576 274.076278 71.726617
9278 156.754626 16.904564
9159 216.927740 15.956890
8796 31.928714 -81.436818
9257 23.388148 -80.147655
9512 24.957360 30.533148
8122 267.690752 52.083454
9465 160.126072 20.129458
7506 225.013847 81.993722
9355 40.519790 21.000739
9341 27.715267 19.060965
7735 86.819166 -65.850945
8297 81.737651 -42.441452
9356 41.947513 20.276319
8085 239.197738 89.113522
7828 342.571592 -67.448398
8030 177.081146 61.378522
8183 333.411259 -49.831560
8231 17.934725 -50.864138
7576 273.423918 73.899896
9248 136.305950 21.663599
9452 137.200115 -15.240716
8580 186.548307 89.830563
9187 244.134141 20.271914
8054 208.261075 89.113514
9226 31.173224 -80.061616
9643 164.001054 -24.771342
8488 24.166627 -79.427470
7566 266.738646 89.699609
9155 32.423721 -17.286190
8594 13.070869 -40.001506
8298 83.623388 -46.063579
8770 184.188098 34.619434
8636 56.882920 -26.534748
8564 346.460213 -37.519450
8984 238.887548 50.835330
8834 250.961988 24.348807
9180 235.883060 16.026149
8049 197.588986 52.819982
8406 191.824745 41.748717
8638 61.516315 -30.857390
8115 268.451781 89.376849
8829 244.434956 29.419781
8259 48.748040 -47.560722
8773 188.618200 30.272923
8385 172.349841 36.700480
9326 205.805558 19.516809
8284 65.139826 -42.348235
7732 86.856733 -71.646341
8942 191.566402 23.786072
7545 248.118303 61.363029
8194 346.875330 -56.351395
8123 278.686502 -40.348704
8938 186.831726 28.132624
8331 112.538894 33.263789
8790 208.797755 36.062001
9349 44.660686 89.377398
8251 41.143071 -46.836301
9016 260.313751 29.514530
9435 317.805427 20.940525
9048 292.116840 -16.868598
8210 182.585415 89.300912
9471 165.041109 89.113652
9296 344.754690 -23.083650
8463 245.814047 48.347489
8434 220.620054 49.070832
8536 325.263606 -48.338122
8615 215.653367 65.052015
7549 254.957798 65.709573
7799 308.227301 -53.675088
8333 112.961268 37.031034
7749 101.001778 -69.861614
8587 221.094926 72.570399
8395 181.431971 47.544114
9531 44.484140 89.034720
8202 355.343361 -54.178116
8979 220.512175 89.035340
9012 253.566560 87.732551
9062 308.109338 -18.978500
8829 244.945085 26.522079
7559 267.170854 74.717954
7768 291.342157 -53.915844
8662 75.261097 86.326053
9213 272.333894 -51.810740
8546 332.206488 88.357321
8890 136.084822 35.902142
7884 30.110352 -55.751309
8356 136.688566 44.431949
9111 349.569401 -18.017470
7626 146.052268 88.357324
7610 132.502507 73.237732
9294 342.545839 -20.910383
8374 160.434075 38.088779
8010 156.302403 59.657047
8563 345.380721 -35.346172
8461 246.913442 33.693094
7964 105.757007 51.574918
7919 68.506382 -60.500091
7530 236.206094 56.557569
8640 66.363972 89.377086
7739 79.926781 -57.732567
7489 194.924182 67.401027
8497 111.735951 23.225039
9062 308.845765 -17.529644
7560 263.825384 63.127155
7748 98.005653 -72.759313
7664 178.993796 84.074665
7926 73.938364 -48.909287
8923 170.842288 29.982825
8972 213.172131 23.687525
8574 357.279508 -41.866002
7555 257.285473 67.473706
8335 116.332143 37.031040
8078 229.240404 45.643810
7757 277.740873 -41.728915
8606 28.828565 -33.638094
8887 19.423119 -79.940248
8082 238.571654 50.714766
7967 109.848016 58.819172
8104 254.570944 46.850789
7600 105.491996 76.859859
9014 29.139827 -79.847198
7991 132.354668 46.477326
8290 70.978708 -38.850454
8128 283.900314 -36.726578
9135 32.675489 -78.099499
8631 49.956523 -25.067698
9345 31.715994 26.305213
8010 155.562584 56.034913
7791 298.282991 -46.430850
8899 144.323571 34.453587
8480 264.523971 43.959654
7685 204.672655 89.376399
8821 243.031187 21.504968
8452 238.923222 27.537460
7621 134.732703 68.197296
8048 198.052078 49.922291
8066 214.380365 60.716713
7746 265.236706 89.377092
7814 323.037522 -66.893380
7871 28.812761 89.377175
8886 306.856972 87.394656
8988 38.676711 -18.038904
9304 185.617663 18.079930
8362 332.220255 89.566419
7871 28.251621 89.376761
8990 40.684137 -21.661024
7507 233.460637 83.442562
8483 269.345077 47.581786
9104 29.075308 -80.138831
7480 184.318040 69.574298
7963 118.069249 89.377006
7947 98.861107 54.000349
8725 329.305907 -26.010105
8291 72.038895 -47.543547
7887 34.341228 -54.893082
8812 228.323638 29.624077
8882 134.053890 30.585381
9518 203.457741 -26.234478
8259 48.067628 -43.214175
8106 256.259561 42.504242
9078 317.023271 -19.625712
8491 114.780114 59.519707
7960 103.331391 32.376727
8383 170.641937 37.425195
7721 66.174546 -66.575372
7472 174.287643 89.300874
8615 216.773461 64.552018
8526 315.908378 -42.542717
9120 358.048525 -17.293025
8246 35.783305 -35.245500
7484 192.632019 75.369700
7638 150.231027 79.101411
7679 74.469670 -86.040486
8773 190.409076 35.343885
8753 359.552153 -28.738275
8597 17.589832 -42.899214
8797 29.480589 -79.522723
8654 76.585839 -35.957577
9636 157.774644 -29.482497
8365 146.538770 39.537607
9212 271.271827 -45.290916
8621 38.779522 -25.792123
9434 317.092453 21.664943
9478 167.420543 20.445335
9438 320.807824 19.713022
7551 252.923001 88.718909
8322 105.401525 40.508040
9093 331.870961 -15.946014
9250 137.802645 28.907855
8848 96.291548 39.555999
9620 142.581005 -24.525138
7722 72.089882 -75.268470
8873 124.534335 33.483069
8593 10.887291 -37.828227
9337 24.135845 18.263386
8410 195.601576 48.433187
9324 201.612016 17.343537
7897 46.709783 -61.412896
7574 291.919144 75.172239
9486 8.416107 -35.934395
8432 217.963055 46.897554
8331 112.572361 42.681311
8529 317.313604 -36.747319
8625 43.652467 -27.965403
8631 50.622193 -30.138672
8054 209.196438 89.640097
8806 222.233345 29.635815
8703 307.536166 88.718664
8484 93.161338 89.035003
9504 15.326388 -15.135681
9284 160.902581 89.566054
8013 156.058773 45.892953
8801 218.363356 29.635805
8808 223.241175 25.289265
8979 220.510827 89.834136
8385 172.752556 43.220985
8397 182.462253 39.575436
8980 221.260070 89.034907
7736 93.207441 -65.126523
8581 187.530048 88.718726
7563 265.040044 89.034839
8984 237.304172 51.335327
7481 193.268424 82.613948
8648 68.254600 -32.913302
8045 190.315037 51.248310
9512 26.534138 27.593033
7978 119.804214 49.375027
9435 316.686042 18.042820
8405 191.646182 45.370839
8427 211.922827 43.275440
7911 56.828839 -51.082566
8895 140.247807 33.004460
8929 175.193019 25.959294
9095 333.971686 -18.843718
8091 238.135492 44.105467
9146 26.424805 -31.427326
7917 64.177745 -56.153540
7561 267.993277 63.851578
8833 249.476311 25.073223
7746 264.301748 89.639610
9080 320.158181 -24.696683
9349 225.221393 89.300287
9488 9.858556 -31.587851
9681 12.575340 -20.871923
8278 59.147465 -40.899390
9317 200.427827 15.930282
8045 190.311058 50.523885
7726 70.815283 -65.126522
8295 78.091151 -42.441453
8720 324.062245 -27.458955
7646 151.393844 68.171430
8281 62.461916 -44.521513
8995 46.874400 -23.109883
8085 238.822261 89.905782
8563 345.291630 -36.070598
8515 303.350365 89.113563
8233 20.159493 -51.588566
8094 240.393092 32.514663
7830 341.999181 -60.204250
8989 40.291397 -23.109875
7588 102.719181 86.736838
7953 99.785624 46.774922
8628 47.526344 -30.863095
8898 143.431819 32.280074
8471 251.298535 31.170232
9623 134.674556 89.565956
8945 194.462650 23.061657
7877 20.983663 -53.578026
9176 230.290030 17.475002
9002 54.173831 -16.590055
8900 145.557457 33.743743
9010 70.700102 89.113922
8626 44.014871 -25.067701
9681 11.866287 -22.320775
7770 292.243925 -46.671596
8921 167.113649 34.334473
9095 333.270304 -15.946022
8628 46.259373 -26.516549
8515 302.415168 89.377214
8635 55.327820 -31.605719
9443 324.441712 24.562906
9453 137.167025 -16.689564
8940 187.881980 23.061637
7523 259.455576 85.234657
8152 302.739935 -39.906317
7502 204.476450 89.566362
7505 224.950525 62.434240
8090 237.999686 32.514666
8941 189.344356 23.061637
7543 246.128751 62.811873
8065 212.523132 54.196886
9642 163.260133 -24.771333
8115 341.286286 88.787535
8341 125.260306 37.755470
9192 70.525831 89.833173
8339 121.815489 38.479892
8560 342.069836 -39.085017
7502 205.037233 89.831005
8060 206.963788 63.751974
8181 334.130385 89.377136
7865 22.972629 -64.029197
8903 151.222968 33.745752
9045 287.794745 -19.766302
9302 182.786903 18.079934
8009 152.685691 48.066232
8143 295.815931 -36.474171
8246 35.722064 -35.969928
8017 162.828143 53.861623
8561 342.257729 -34.738462
8284 64.457543 -33.655142
8626 44.414157 -27.965393
9335 21.988130 20.436663
8680 291.468138 -29.911474
8270 53.188026 -39.594954
8699 306.998996 -25.349630
8465 247.423554 49.071915
8159 311.976148 -44.252867
8863 113.306537 23.029575
8855 276.854172 89.326092
7755 276.566864 -48.973173
9340 27.013697 20.436664
8367 149.610540 40.262035
8797 30.218776 -80.207280
9089 328.245776 -23.247839
9352 36.978755 15.929766
8066 213.673142 54.196888
7510 230.989336 76.198313
7970 110.579878 49.401647
9625 145.689311 -27.533122
8037 181.845625 50.523845
8454 63.159886 89.831133
7902 238.814268 89.034781
9001 53.753171 -22.385447
7507 228.805745 79.096015
9640 161.037369 -24.771331
7658 29.331558 -80.176856
8943 193.017702 29.581490
7774 297.150459 -51.018150
9641 162.514519 -19.700382
7533 234.664896 89.565398
7542 246.239794 72.229400
8580 186.547464 89.035032
9292 341.113119 -17.288256
8311 100.694676 23.823565
9250 137.792278 27.459000
7504 215.077557 65.302018
9453 138.594664 -15.240723
9084 323.451453 -19.625709
8289 70.417122 -42.257075
8102 250.161577 45.401942
8916 336.858016 88.357255
7685 348.446953 89.135862
8282 62.046627 -34.379560
8607 30.289952 -39.433491
8302 273.339021 89.566077
7621 134.833029 68.921720
7892 39.532265 -57.790777
8583 33.033592 -78.379217
7582 103.615099 88.357473
8873 124.365575 27.687661
8181 333.195193 89.640354
8506 113.435568 34.298228
9654 165.974996 -19.539644
8692 302.509602 -26.798472
7624 145.418188 89.113545
9240 129.104748 19.746858
9135 28.291026 -80.820110
7700 38.001814 -66.375985
8013 156.058773 45.892953
7738 78.666648 -57.732568
9279 157.291534 22.419327
8825 248.233962 88.357396
7581 281.544891 87.732341
7977 120.610030 56.619280
7956 103.788871 48.948196
9187 244.846356 20.996336
7935 88.104032 -48.286435
9489 10.680370 -30.863421
9305 186.304142 15.906651
9066 314.469224 -16.080798
7523 261.341486 83.785804
8963 203.900490 22.301382
8897 142.505301 40.248306
8447 232.050893 42.661866
8958 198.238729 27.372364
8884 127.125682 89.035147
9489 11.317087 -34.485546
7902 59.000995 89.640665
8605 30.019163 -41.606768
7946 100.562842 57.622468
8921 167.161961 33.603775
9075 20.705866 -80.156649
8029 172.947342 54.128900
9330 212.213793 18.792387
9303 184.198064 19.528777
8078 229.240404 45.643810
8536 325.263606 -48.338122
8728 333.162965 -31.774055
8054 29.195891 89.300606
7715 55.235943 89.830940
8390 178.194897 46.842913
9542 229.266509 -15.184541
8439 222.973477 36.755612
9473 163.907105 17.547637
8941 189.360793 23.786068
9535 220.287474 -22.404895
9243 132.023709 22.644557
7488 196.863910 73.196426
8986 36.293843 -15.865623
8687 298.959440 -24.794687
8614 29.102619 -79.068146
9066 314.212140 -21.151777
7527 229.008736 55.833139
8522 305.618751 -31.068799
8769 182.788999 30.997321
9218 98.460454 23.106029
7991 134.269614 49.375029
9275 154.028087 20.526702
8172 329.984637 -51.691841
8545 332.977410 89.639879
9623 314.862087 89.113755
8884 127.127086 89.830527
7627 147.433369 87.394748
8487 95.651190 89.699703
8164 317.626216 -56.038388
9142 24.071205 -30.702905
8183 333.190771 -50.555990
8956 216.272770 65.301700
8836 253.703146 29.419781
7820 334.324758 -75.417084
7701 40.053615 -65.651567
8454 243.347136 89.376688
9226 23.910937 -79.520124
8147 297.588974 -39.181895
7982 123.937190 49.375027
7935 86.731290 -54.081830
8230 20.231742 -59.557231
8481 266.738767 42.510806
8913 156.584022 27.031351
7494 218.932168 76.094128
8974 214.641417 23.687527
8099 244.490757 34.687945
7567 22.909189 -78.913257
8899 144.196858 31.555658
9189 247.702965 18.823066
7648 152.590262 60.927202
7494 210.826595 73.196433
8149 300.398735 -42.079591
8039 185.461589 53.421550
8703 306.845655 89.699761
9212 271.245756 -51.810743
8577 0.937409 -38.243880
9275 153.958195 17.628980
9104 25.861866 -80.541263
8882 134.972638 32.758668
8079 233.259102 50.714849
8834 250.958485 27.246509
8015 158.789160 49.515077
8005 148.633732 52.412793
8308 99.528113 36.729396
8899 144.196858 31.555658
8945 195.338455 29.581493
8817 234.705535 23.104251
8723 329.082311 -35.427634
7499 215.932358 67.401029
8668 287.329875 -65.854558
9630 152.001817 -27.309218
8605 27.212456 -33.638090
8324 107.268070 37.610344
8688 299.707053 -25.519118
8086 234.744051 40.483338
7593 294.107196 89.566200
8146 345.779247 88.629086
8132 286.492174 -33.647571
9010 70.326255 89.639902
8607 31.006322 -35.811371
9107 346.106507 -16.568625
8294 77.077286 -40.299304
9169 221.086806 18.199428
8890 136.335747 40.248767
7820 333.466897 -77.590350
7914 63.041558 -60.500090
9592 284.113287 89.640209
8518 31.217912 -79.975432
8490 108.648366 62.417410
8823 245.999353 89.901930
7896 42.938267 -51.995386
8314 90.226753 66.163207
7583 36.591543 -80.171591
7600 105.491996 76.859859
7516 236.262826 64.607518
9506 18.156045 -21.655499
9120 357.825778 -25.261717
8035 180.783101 54.145962
7533 54.477308 89.377028
8298 83.634493 -46.788004
8941 190.157957 25.959351
9488 9.731977 -25.068027
8541 327.949524 -38.196176
8979 220.698743 89.565872
8262 240.724913 49.117587
9310 194.615101 20.253201
8363 333.341272 89.566308
8310 99.947209 24.547993
8979 220.324864 89.300735
9678 8.307889 -17.249803
9261 146.086042 27.948045
7622 134.718270 63.126327
8618 35.673483 -27.240971
8119 262.822731 54.981145
7583 28.832401 -79.934828
9037 283.037950 -19.852602
9653 344.863960 89.639648
8464 245.965893 51.969620
8631 50.622193 -30.138672
7499 224.657489 71.023151
8641 247.111480 89.300533
7531 238.536060 55.108718
8048 194.474215 49.799492
9282 159.447307 18.797241
8242 213.864393 64.552015
9488 10.474680 -25.068020
9255 310.818269 88.357366
8560 342.356923 -37.636163
8164 316.037558 -50.967415
7694 28.631293 -65.651559
8200 351.834058 -53.453687
8217 2.832543 -54.486263
7993 328.630324 89.831036
7624 324.857621 89.566673
9109 347.681110 -20.915176
7650 156.340292 61.651635
7915 60.703047 -48.184864
8577 1.658115 -40.417142
8348 135.792013 53.196222
8119 261.690642 49.185747
8814 230.317037 23.104246
8728 333.225493 -28.151928
8949 10.697007 89.377348
7481 188.289739 78.267402
7710 51.076365 -69.887895
7853 7.640132 -68.002507
8373 159.308195 40.262054
8599 21.173205 -40.157910
9457 142.808537 -21.760533
8779 197.792592 31.715449
7533 235.038817 89.300858
8049 198.702215 52.819981
8168 324.817987 -56.762811
8167 321.378862 -50.967418
9157 34.568579 -20.908311
8525 312.687532 -31.068794
9451 134.877181 -21.036122
8862 107.804564 17.487141
8570 352.783160 -36.070603
7855 14.990570 -74.522332
9530 216.037203 -23.236084
8323 105.251262 42.681322
8057 198.164809 55.783297
9480 168.856502 20.445337
9523 208.695089 -25.510049
8696 304.738358 -18.829801
8435 220.486408 38.204465
8980 221.259996 89.300479
8791 209.629982 36.061995
9517 202.507217 -19.714655
8223 8.919261 -48.690861
7910 57.029598 -59.051245
9365 31.231336 -79.734615
7783 302.169024 -60.263249
9349 224.846899 89.831190
8430 214.493535 38.204457
8000 144.092504 50.239525
7664 171.774104 79.003698
8081 236.488216 52.163662
7752 105.694785 -76.372460
7510 229.100818 71.127338
8754 1.086731 -28.738308
8162 312.463922 -35.559766
8623 40.851992 -32.311955
7697 37.412615 -74.344662
7508 226.849713 64.607521
9467 161.571180 23.027157
9156 33.835898 -18.010616
7679 54.466856 -84.591636
7947 100.835430 54.724770
9518 203.369295 -29.132174
8382 169.982710 43.221244
7848 1.043941 -64.380386
7938 88.545502 59.795749
8905 153.649977 33.745560
7673 26.690791 -81.378152
7746 84.490649 89.831929
7956 102.708280 45.326068
9005 58.012315 -21.120402
9014 29.150258 -79.845403
8241 212.587503 89.300637
8011 154.673588 48.790662
8739 340.912585 -30.911234
9460 147.724816 -17.413982
8234 21.860548 -46.599918
7674 31.811302 -78.832484
9502 13.932535 -15.135676
7662 178.998206 86.972369
8221 9.609628 -59.557234
8161 314.125015 -43.528442
8154 305.451160 -37.733047
9079 317.994982 -23.247839
8825 68.234340 87.732419
7791 299.490975 -52.226246
9223 279.964212 89.640363
7755 276.172505 -46.075470
9127 4.389875 -17.293009
8612 218.912563 89.700255
8722 326.080720 -32.529940
7906 52.946800 -49.633722
9253 130.525944 89.034731
9250 137.758216 22.388028
8569 352.762192 -41.866003
7921 70.001055 -57.602394
8375 161.148681 41.710905
8839 256.938935 25.797654
9234 122.436265 24.817837
8365 146.453269 36.639913
9115 353.420172 -22.364023
8450 233.205208 30.346643
7670 176.764311 71.129951
8115 268.077296 89.114176
8550 27.764294 -80.270492
9024 264.467562 38.729319
9475 165.551082 25.516328
9631 152.882258 -20.789395
8105 256.538223 47.575210
9216 276.153803 -35.441298
8892 137.745903 35.902162
8816 234.448399 26.726376
9280 158.727409 15.175138
8624 41.786740 -25.067701
8854 276.562511 89.639388
7873 216.191633 64.552020
7990 133.205748 52.997152
7621 132.962402 68.921717
8750 356.520320 -29.462649
9342 27.979564 25.580790
8976 30.665187 -26.456337
8366 148.130108 36.639912
8220 5.742490 -45.068733
8904 152.399341 35.918793
8627 46.424081 -32.311949
7616 118.573645 65.299597
9630 152.100841 -23.687095
7711 54.329812 -72.785597
8532 320.970069 -40.369445
8049 198.912413 51.371141
9052 297.819720 -20.490722
8903 151.346648 31.573076
9116 353.820953 -17.293036
8878 130.705372 36.380793
9210 268.896509 -41.668788
7993 148.631650 89.639858
7880 24.382951 -53.578025
8762 6.745684 89.830612
7685 24.298956 89.035038
9295 343.941648 -18.012687
7498 213.776225 68.125447
8498 112.433063 21.776196
8342 126.986811 39.928745
7593 294.480884 89.034667
8239 31.780317 -42.977792
9273 151.864720 19.802252
8504 117.890450 15.329529
7707 47.484020 -76.407725
8750 355.747611 -29.462629
8985 239.338386 52.085324
8309 98.854122 25.272412
9318 194.658263 89.831515
9434 316.372331 22.389374
8436 222.673858 49.070830
8236 24.468307 -42.253370
7841 359.723774 88.483385
9661 173.334351 -25.256010
7508 227.090927 63.883097
8092 239.560477 36.861216
7583 40.543415 -80.145156
9105 22.594789 -80.923242
7872 346.892496 89.122767
7752 99.743518 -77.096879
8549 24.168938 -80.539008
9292 341.091869 -24.532503
7783 302.169024 -60.263249
8492 105.879348 23.225042
8855 276.854172 89.326092
7963 298.256468 89.035085
8241 32.961235 89.113804
9471 163.220859 16.823211
9616 135.997562 -22.351863
7622 133.229981 63.126315
8949 190.323110 89.300999
9679 10.422596 -15.800952
8522 306.386832 -31.793229
7993 329.379783 89.833103
8553 334.022759 -35.462893
7521 242.696380 83.785805
7763 285.835354 -48.120441
8826 36.522844 -81.074467
9330 212.183928 17.343535
7502 205.036815 89.566216
8142 295.242709 -32.127617
7624 324.857010 89.300848
9282 159.493575 24.592671
8474 254.423754 33.343502
9066 314.500811 -18.254076
7855 10.796591 -70.175781
8866 119.921968 24.478426
7942 95.231752 59.795749
9496 17.555712 -35.934396
9101 160.705335 89.376672
7867 199.816879 -87.729867
8909 162.367662 35.918629
9141 22.975258 -25.631924
8615 215.148644 66.302011
7715 234.676916 89.902563
7589 87.541064 74.421618
9226 35.110474 -80.202395
7836 353.082008 -68.172666
7940 91.768642 57.622472
7788 314.539339 -69.680780
7915 60.693666 -51.806986
8655 77.731672 -34.508727
8061 204.110361 56.507739
7599 105.006229 71.788884
9620 144.018755 -23.076287
8646 63.910812 -32.353461
8588 221.666542 71.570394
7518 236.846453 59.536540
8027 170.547230 54.861231
8740 342.795524 -32.360091
7932 268.815139 89.565546
9088 327.059288 -21.074559
7977 120.237379 58.068126
7685 6.241182 88.506506
8921 167.062060 35.064769
9115 353.407426 -23.088443
8265 244.747391 46.219891
8215 277.175774 83.285017
8608 32.032005 -39.433495
8010 154.799167 54.586062
7857 13.246038 -65.829229
8265 244.859263 49.842013
8526 315.907279 -46.164846
8911 164.769304 31.572091
7580 100.164529 87.394682
8541 327.367505 -36.022897
8210 182.211213 89.035109
7932 269.002582 89.300787
9431 313.424553 24.562654
9450 141.955391 23.805485
8757 3.990841 -43.065043
7556 257.872000 63.127149
7645 34.308871 -79.084545
8651 72.863980 -33.784301
8740 340.848047 -27.289167
8369 152.454015 44.608590
8590 7.480325 -37.828227
8367 150.415673 40.986463
9592 104.113311 89.301027
7758 280.051644 -46.075466
7783 301.823747 -61.712101
9354 40.488180 17.378611
9142 23.685426 -27.805195
8393 182.034566 89.904900
7801 310.473857 -52.226245
8646 65.483544 -30.904609
8964 205.804610 26.647940
8101 248.444880 43.953089
8613 39.602401 89.325691
8887 35.109866 -79.794240
7842 279.004524 87.552408
8554 336.039483 -38.360587
7654 354.299261 89.831054
9109 347.556840 -23.088458
7672 11.972752 89.699839
7800 310.179584 -55.848374
7988 132.737719 59.516978
7596 116.050505 87.394694
7746 84.490268 89.566022
7763 285.380914 -46.671593
8694 304.026685 -16.656533
9350 240.136283 51.835324
7776 294.864978 89.114058
8423 32.970588 89.300616
8691 301.895192 -18.829802
8083 239.563078 49.990328
8244 33.391803 -34.521082
9303 183.858812 20.253207
9655 166.681620 -20.264070
7483 188.807070 70.298721
7704 32.242241 -81.426413
8003 147.213452 58.932631
8438 224.587455 47.621991
8301 92.028953 89.639835
7930 82.650512 -53.439197
7589 94.170521 80.941446
7548 252.343680 62.087456
9195 72.885106 88.718831
8569 352.340845 -38.968298
7523 252.155371 77.265985
8830 246.505351 25.073231
7916 61.629940 -53.255840
7558 261.313255 66.749276
7990 133.083214 51.548301
8663 60.216194 84.877199
7537 31.365855 -80.403144
8951 191.492676 87.732383
7472 174.661429 89.034848
7650 158.745614 65.998179
7490 199.831706 71.023154
7906 51.621767 -48.184867
7736 93.396836 -65.850943
9471 345.228224 89.034964
9264 143.342773 18.353389
8909 162.367662 35.918629
8137 289.886153 -37.923020
8608 32.665492 -35.811361
7851 4.085573 -60.033834
9507 18.897649 -23.104350
8184 333.802746 -55.626958
8630 49.293604 -27.240977
7797 306.584460 -55.848364
9657 170.687908 -22.437325
7527 228.408992 57.281993
7590 90.761894 73.697194
9430 312.454173 17.318406
8987 37.746446 -22.385445
8719 322.518673 -28.907811
7897 45.566844 -59.239625
8003 146.196234 50.239518
8553 335.088074 -39.809441
8310 99.584609 25.996845
9507 18.888674 -22.379930
9490 11.197041 -25.792448
7941 93.455221 51.827078
9536 221.595513 -15.242625
8024 178.259153 89.640346
8804 220.686960 31.084658
8271 62.028615 89.902499
8065 213.004945 60.716714
8521 302.522443 -30.344373
8370 152.322208 36.639925
8024 359.007730 89.565905
7672 190.593036 87.394692
9348 43.913165 89.639511
8472 251.883201 36.241206
8933 178.793542 21.612740
7594 294.854064 89.830595
8968 210.262126 22.238681
8410 197.276788 46.259916
8129 284.788875 -38.175426
9592 104.489952 89.831767
8751 356.482992 -28.738234
8278 58.786054 -34.379569
8610 37.111322 89.376961
9236 124.777460 21.195711
8556 338.125152 -36.911747
8903 151.656050 34.470057
8288 68.597823 -39.359376
7789 311.469303 -62.436527
8969 210.919439 26.585231
8750 356.595777 -30.911479
8439 223.960715 38.928886
9350 240.105187 51.335333
8286 66.904032 -37.186110
8977 32.165472 -25.731912
7480 183.981710 66.676600
9355 41.272467 23.174016
9440 134.665561 89.639965
8459 24.415485 -78.349679
8480 264.913502 42.510808
8569 352.728754 -42.590426
9351 36.223125 19.551890
9652 169.905216 -24.556482
8735 37.260685 -78.602226
8167 323.045448 -58.936094
8328 109.321663 32.539365
7570 287.768371 86.763048
9142 23.774861 -21.285371
7685 24.299576 89.565627
9132 10.893116 89.300712
8648 67.470682 -31.464459
9521 207.222742 -29.856596
9084 323.438670 -15.279164
8123 278.645300 -41.073124
9624 139.619918 -27.533124
8659 336.076070 84.152771
8635 55.366305 -27.983594
8736 25.831584 -80.534871
8338 120.956105 38.479883
8796 29.025751 -78.798002
7762 284.755511 -43.902188
9466 160.842594 20.129460
8497 112.651317 29.744872
7644 22.450611 -80.893592
8306 96.188994 34.556122
7680 132.731268 -86.764896
7822 337.627936 -76.865863
8431 216.978508 46.897558
8591 9.183810 -37.828232
8454 62.225015 89.301049
8110 257.663430 58.686068
7550 250.162998 88.718806
7570 277.348583 79.518793
8992 42.855741 -21.661028
8135 288.158054 -38.718545
7586 92.875791 86.012410
8359 29.752876 -16.987101
9530 216.080098 -25.409358
8904 152.899308 32.296889
7892 38.789138 -49.822107
7786 310.194346 -72.578473
7644 22.600037 -80.924296
9453 137.148839 -17.413992
8426 211.396981 44.724283
8181 153.195841 89.034690
8401 186.825684 46.095266
7912 59.197732 -56.877969
8958 198.155112 28.821209
8277 59.648694 -43.797084
9335 21.988130 20.436663
7952 98.057645 43.152792
7824 336.175762 -63.101992
8524 311.876978 -30.344376
9623 315.235538 89.640079
8954 213.281200 65.301691
8794 36.161276 88.718913
9655 165.953367 -20.988518
8727 331.643876 -27.458959
7686 24.408172 88.718884
8079 230.673995 47.817107
7731 76.479370 -63.677671
9454 139.291929 -15.240718
9493 14.591128 -33.036695
8090 236.795570 31.065819
8101 247.563178 47.575214
9022 285.359860 68.816046
7685 205.420713 89.376570
8686 298.211013 -26.967962
8961 202.446203 22.301386
8044 189.951757 55.594835
9446 139.035596 21.632203
9464 149.583134 -24.531786
9461 148.379919 -15.965137
8558 339.807948 -36.911738
8004 147.833420 54.586085
7733 85.675835 -69.473073
8744 348.042811 -28.738099
8141 292.865973 -31.403189
7927 75.957997 -52.714771
8521 301.989477 -33.242068
8327 110.415561 43.405747
7736 90.134000 -63.677672
8947 196.892154 25.959367
9499 20.125476 -31.587842
8826 26.186331 -79.012851
8069 217.123122 54.196880
7736 90.108010 -65.850948
7578 275.746106 65.931222
7686 205.097549 89.325887
8468 253.609798 51.969616
9641 161.794972 -21.149224
9505 17.418928 -15.860106
7520 241.449314 75.092707
8889 135.302675 35.177710
9535 220.292553 -23.129322
7966 107.326919 45.055090
7873 213.282572 66.052020
9288 33.495901 -79.302817
8102 249.557637 47.575220
9339 26.240044 16.814536
8847 95.465655 43.178127
9235 124.710809 23.368989
8519 27.270248 -80.039532
8758 4.305133 -31.474257
8810 226.045223 28.899648
8813 230.645363 29.624076
9133 10.811425 89.699869
8621 39.259964 -32.311951
7912 59.956105 -57.602392
7566 86.739456 87.394623
8279 60.585273 -43.072660
8297 81.709488 -44.614730
8936 182.990251 28.857048
9105 22.671578 -80.938362
7851 5.644673 -68.726932
9305 187.013288 16.631078
8890 136.235788 41.697677
7719 64.041049 -76.717322
7928 78.179090 -52.714769
8060 205.472870 63.027552
9326 204.461520 15.894681
8348 137.245869 58.267195
8870 121.654986 29.136505
7902 58.627789 89.903759
8691 302.160743 -27.522902
7866 24.724523 -60.407068
9038 285.912588 -21.301452
8108 259.780623 40.330965
8357 138.572806 44.431955
7934 85.732827 -52.632989
7849 2.385783 -74.522335
8658 313.320092 82.703931
8423 32.783838 89.034812
7626 324.672005 87.732364
9452 135.762362 -16.689574
8681 292.264094 -28.462616
8931 176.979914 27.408163
8102 250.010024 41.055389
8754 1.287997 -27.289480
8144 296.018793 -31.403192
8464 246.396641 49.071908
7665 178.997938 78.279262
9192 70.148853 89.034661
8366 148.283442 39.537614
9653 345.051997 89.376783
8332 302.779475 89.300480
8288 68.595240 -44.430350
9440 134.665561 89.639965
8033 177.711390 49.755255
8466 250.504343 49.071918
7674 31.741621 -78.828774
8193 342.794800 -46.209437
9448 141.234169 25.978751
8432 218.583817 48.346411
7800 308.015377 -47.879693
8575 357.705245 -33.897330
9310 194.662927 20.977627
8357 143.254719 43.707531
8481 267.327766 43.959660
8612 218.222118 89.700234
9076 315.670574 -25.421117
8967 209.709786 29.545642
9350 238.301835 51.460320
8444 228.835851 39.039752
8804 220.258410 27.462534
7864 24.248433 -69.824593
9280 158.015829 23.868251
9033 317.782202 80.675500
8507 114.396672 29.951679
8991 42.588371 -15.865628
7631 137.781238 80.550257
7545 251.233938 69.331697
9295 344.036470 -23.808083
9107 346.070409 -17.293052
7704 32.370769 -81.421665
8318 105.208823 66.163203
7728 74.670305 -64.402098
8219 5.474589 -56.659539
9294 342.509473 -15.114978
8471 251.347630 39.863334
8726 330.972247 -28.907812
7620 128.765069 63.126321
7689 30.247736 -78.785102
8254 42.029516 -37.418772
9113 351.721613 -16.568616
8528 317.822541 -41.818291
7894 40.260666 -48.373252
8781 199.604936 36.786426
9431 313.178135 15.869547
8699 307.630424 -21.003078
9084 322.740872 -16.728012
9320 286.757649 86.302406
8187 336.336686 -47.658287
8119 263.938814 56.429993
9002 53.053417 -15.141201
8104 253.994198 45.401937
9460 147.061985 -18.862833
8077 226.424814 49.267600
9168 219.536308 20.372706
7839 357.003258 -60.928455
7586 82.752667 80.217014
8669 292.263810 -65.854555
7922 67.221917 -51.806991
9036 280.616174 -21.538436
8440 225.525140 44.110721
8412 200.744887 43.362214
9223 280.338147 89.376995
9088 327.022666 -19.625715
8111 261.747104 57.237219
7587 83.237729 78.043736
7801 311.326670 -54.399516
9186 244.155867 18.098642
7734 86.132914 -67.299800
9624 139.497087 -29.706392
8041 187.108629 57.043672
8243 33.279769 -39.592045
8253 42.766327 -47.560725
7649 157.085986 74.691253
8685 297.381933 -32.763369
7704 28.782490 -78.805800
8601 23.460131 -37.260219
8349 136.213653 52.471804
8928 173.850182 24.510428
8120 263.728012 49.910175
9053 299.827727 -16.144180
7861 20.617385 -75.619997
9115 353.362472 -25.261728
8929 174.444766 25.959285
7483 187.380118 66.676600
9464 148.102205 -23.082927
8989 39.432434 -16.590053
8071 219.881984 60.716718
8765 189.610914 88.357337
7861 18.843589 -74.171147
9437 319.264110 21.664945
9623 315.236344 89.113946
8375 161.071407 40.262052
9142 23.750896 -23.458648
8019 162.738981 45.168506
7610 132.583329 73.962161
8985 239.272849 50.585327
9192 250.148936 89.113637
8762 6.558339 89.035118
8059 202.283523 64.476386
9457 143.481755 -15.965142
9072 131.498551 89.325901
8694 303.319578 -18.105379
7510 239.443806 84.166995
8952 13.561873 89.325847
8531 320.195751 -38.920594
8295 79.002772 -42.441449
7963 299.004877 89.300795
7515 231.538646 59.536539
7865 26.199000 -69.824598
9091 329.849490 -18.901293
9114 351.899588 -24.537300
8777 196.029248 33.888727
8296 79.853066 -43.890305
9350 237.704302 51.335329
7944 95.427430 54.000352
8671 95.991737 89.377350
7694 29.176949 -69.998112
7957 103.804603 39.530667
8300 85.454122 -43.890299
9379 254.101317 89.566140
8348 135.155183 57.542777
9026 277.792585 57.188734
8381 169.410733 46.119236
9137 20.608847 -28.529621
7502 204.289369 89.300619
9142 23.741743 -24.183070
9633 155.036889 -25.135941
8589 6.550318 -38.552657
8610 216.924088 89.831179
7824 338.022920 -62.377544
8412 201.215107 45.535484
8365 146.601883 42.435312
9145 25.553986 -18.387672
7850 3.508037 -69.451356
7982 123.937190 49.375027
9517 202.796879 -23.336784
9261 146.087597 28.672481
7660 152.353501 75.381587
8500 111.210050 19.676078
9524 209.511936 -28.407750
9524 208.949543 -20.439078
7959 101.769428 30.203458
8333 113.221629 38.479893
8538 327.605187 -47.613696
8033 178.464745 55.565178
9623 314.675394 89.113548
9022 287.073027 72.438171
7740 82.402382 -62.079119
7702 219.904348 87.394630
7895 43.348160 -56.341929
9480 168.843511 16.823195
9648 166.477554 -33.249562
8562 344.619163 -38.360593
9126 3.776850 -25.261697
8322 105.331549 32.539366
7688 29.274802 -81.461761
7612 313.616731 88.718680
8083 239.690822 47.817030
7939 90.316264 58.346896
8129 285.508730 -40.891824
9485 172.446404 20.445323
7588 95.447453 84.563569
8701 305.993330 89.566641
8701 126.180250 89.376671
8332 302.218690 89.034836
9561 74.111130 89.035006
8146 119.201436 89.034884
8906 156.083585 31.572273
8916 336.858095 87.394596
8136 288.376381 -26.403319
9101 161.077168 89.902100
7843 289.628184 87.302406
9332 215.056323 18.792387
8251 39.717470 -43.938602
7890 38.125393 -62.137324
7968 109.231571 45.055094
8374 160.958806 44.608594
8372 156.642731 41.710896
8580 6.918297 89.902182
8413 203.115040 46.259909
8302 92.403968 89.113800
7500 224.799566 69.574304
9442 323.542518 15.978661
9542 227.872679 -21.704373
7839 358.337776 -62.377273
8077 227.714976 52.163053
9048 292.101579 -18.317456
9138 20.927458 -19.836517
8862 106.393873 17.487139
9162 220.147545 89.113533
7993 329.379385 89.566028
7729 78.307195 -68.748646
9326 205.107470 18.792382
8290 70.978708 -38.850454
8476 256.009494 30.445812
7919 64.325267 -51.082571
7836 351.781011 -65.999439
9680 11.131496 -19.423073
8639 61.483975 -27.959680
7668 170.050662 72.572336
8638 59.945217 -31.581808
9223 281.273081 89.377105
8166 320.488859 -55.313965
8012 157.646786 58.208190
9019 270.912997 46.674040
8957 216.837381 65.051698
7846 0.953625 -78.868883
9465 160.126072 20.129458
8341 126.319556 43.550863
8532 320.970069 -40.369445
9484 172.284041 26.240743
7544 249.427104 68.607281
7592 102.582270 72.972768
8710 312.028487 -26.990813
7841 178.623696 89.565701
8823 246.562265 89.902768
8967 209.502370 25.199085
7678 36.914772 -83.142789
8057 198.014724 56.507722
9523 207.933618 -24.061201
8955 215.042756 64.801697
8708 310.518526 -26.990814
9498 19.476060 -27.241291
8241 212.587503 89.300637
8565 348.222551 -36.795026
8753 1.191530 -33.084793
9379 74.287758 89.900974
9525 210.185926 -25.510059
9410 104.851203 89.377381
9247 135.623588 15.868207
9006 60.941133 -24.018106
8949 190.510343 89.565607
7809 316.485123 -60.373558
9132 190.893786 89.113839
9350 237.711010 52.085324
8620 37.285148 -25.792123
8904 152.399341 35.918793
9623 314.863257 89.903267
8387 174.897609 38.873695
9095 333.270304 -15.946022
7594 19.557505 88.935760
8028 175.201246 64.286494
7822 339.389597 -79.763498
7981 124.278244 56.619277
8014 161.477683 58.208183
8138 289.681910 -32.127618
7593 294.480566 89.300542
8386 173.688394 41.771886
9314 195.482958 19.552402
7573 294.141813 83.140924
8395 180.891506 46.819696
8898 143.481942 33.728991
8334 114.099077 44.275287
9293 341.831376 -24.532506
9079 318.677222 -24.696690
8860 104.281637 16.038285
8006 149.567790 48.790666
8139 291.612961 -37.198587
7644 26.034949 -80.575574
9150 27.680834 -18.387671
8385 172.336405 37.425001
8016 162.787562 56.034905
8074 222.783173 57.819014
8715 319.031527 -30.356659
7958 102.152507 37.447702
7774 294.415836 -41.600612
8977 32.160299 -24.283060
7878 22.483151 -56.475733
7872 29.374159 89.376547
8695 304.744741 -20.278648
7552 31.922430 -80.332481
7982 123.489574 47.201750
7729 85.317866 -75.268476
7683 166.761593 -84.592966
9192 250.148825 89.640342
8624 42.088171 -29.414248
8382 169.712214 38.874299
9045 25.055282 -79.694175
7888 36.489393 -62.861757
9256 313.577477 89.326088
9333 20.277734 15.365680
7878 21.570573 -52.129180
8845 93.654963 41.004841
7943 95.501426 53.275919
9311 5.645927 -20.205491
8823 66.748321 89.034807
9007 61.493209 -26.756433
8696 304.741551 -19.554232
8257 47.751086 -47.560729
8604 26.830802 -37.984638
8622 40.273894 -25.792121
9501 14.856051 89.832155
9309 193.332384 16.631081
7885 31.223294 -54.302452
8762 186.558282 89.113951
8475 255.728748 39.138905
9047 290.022567 -16.144169
7825 338.463353 -63.826369
9256 31.193996 -79.951489
8278 58.754293 -35.828413
9379 75.036599 89.113871
8470 256.665886 49.071916
9328 207.946835 19.516816
7675 32.289221 -78.080627
7991 132.307979 45.752904
9353 39.078734 18.827460
9005 58.732388 -23.293681
8663 42.112037 84.152769
8297 81.652950 -47.512429
9299 177.804263 18.804353
9045 25.055282 -79.694175
7658 24.060679 -81.153101
9053 299.827727 -16.144180
7664 171.449364 79.728120
9647 165.831901 -26.729745
8916 157.548111 87.732469
7713 58.876214 -72.785600
8291 72.177241 -44.645847
9090 329.138403 -18.901292
9440 134.104789 89.113671
7850 3.950234 -72.349056
8953 29.276679 -80.447544
8085 340.762954 88.968165
8086 234.457636 37.585643
8789 208.704821 39.684125
8838 256.288439 27.970926
9433 315.643610 24.562646
8115 89.199865 89.034971
9627 146.567526 -32.646748
9137 20.907688 -20.560947
9107 345.187473 -20.190764
8169 326.030919 -57.487245
8101 249.117868 41.055390
9324 202.363045 15.894687
9250 137.762821 23.112452
8302 93.151485 89.639225
7820 332.906411 -73.243863
8204 356.881015 -58.211222
8732 156.181612 89.640227
8584 29.022712 -80.433763
8669 293.809608 -70.201103
9592 103.926677 89.300505
9456 141.368181 -20.311690
7594 115.042022 89.639888
9467 161.180419 15.782911
9656 168.116602 -19.539620
8986 37.023704 -15.141197
8130 285.331859 -28.576601
8574 358.240641 -43.314854
7644 36.773329 -78.518286
8728 333.132751 -33.222904
8231 18.893064 -53.037415
8309 100.335577 36.004972
8667 69.033923 76.140340
7566 87.428701 89.325970
9379 75.037471 89.900035
8981 42.184962 89.325971
8220 5.742490 -45.068733
8447 231.141895 43.386301
8920 166.397458 32.864263
8241 212.214605 89.833672
9264 143.441727 15.455695
8455 242.890804 89.325725
8274 56.689592 -37.277265
8828 244.353186 23.624378
8615 217.511031 65.552024
8676 285.421271 -56.822547
9015 259.503809 31.687804
8035 181.099399 52.697109
8974 214.641417 23.687527
8572 355.472578 -41.866004
7592 100.110819 75.146038
7759 281.675144 -47.524317
9074 28.795507 -80.039662
8436 222.591229 47.621991
8448 231.668316 31.795492
9194 250.814252 89.325542
7649 158.181964 69.620294
9344 30.965523 26.305215
9082 321.629536 -25.421108
8299 84.472534 -42.441448
7782 301.937789 -68.231924
8841 99.373550 71.769621
8617 34.160140 -27.240976
7969 110.437346 56.645897
9042 100.807231 89.325606
8190 341.883721 -57.075809
9067 315.169371 -16.080802
7944 98.410496 62.693450
8104 254.024530 44.677513
9313 7.070083 -15.134505
8404 189.736089 46.095263
8598 18.472123 -36.379378
9066 313.500075 -21.876198
9517 202.707738 -26.234480
8957 216.804337 64.801693
8085 59.011540 89.831743
8814 232.193187 29.624068
9237 125.481642 21.920139
8969 211.295865 29.482934
9165 29.457525 -79.523537
8551 333.402740 -39.085014
9224 100.816891 89.699979
7784 307.263340 -74.027322
8468 254.455570 55.591735
7987 129.846169 52.272722
8197 345.711105 -46.209440
8106 256.258121 41.779813
7943 95.010797 54.724770
7644 29.116483 -80.146485
8785 203.803031 38.235280
9522 207.220187 -29.132180
8774 192.362983 34.619472
7565 264.668338 88.718870
7502 25.227946 89.902119
9471 165.041109 89.113652
9531 44.484555 89.300797
8736 37.178407 -78.587365
7701 41.685352 -65.651562
8299 84.617037 -46.788001
7569 271.263878 84.589765
7595 295.360102 87.732275
7677 25.755996 -86.040502
8383 171.351990 46.119068
8769 182.553113 34.619431
8937 185.305971 28.132619
9321 300.251880 87.302404
9645 159.225272 -33.369225
9010 70.326255 89.639902
8181 153.381997 89.833145
8001 144.222021 52.412808
8980 221.262237 89.830545
8271 243.337326 89.034808
8562 344.669977 -39.085017
9253 310.339217 89.376973
8662 64.762210 86.326054
9331 213.613917 18.067957
8452 239.676008 26.813035
7919 68.488963 -59.775664
8464 247.191513 56.316163
7904 50.901289 -51.806995
9131 190.146437 89.902365
7778 295.387485 -60.263247
8733 156.158941 89.326265
8148 298.456881 -39.181894
9293 341.819378 -18.012679
7624 351.500246 88.528907
7626 145.361918 88.357264
8502 114.402611 15.329524
8821 243.041448 22.953816
9023 289.391693 73.887021
8297 80.656919 -47.512430
9126 4.245687 -20.915145
7655 358.722884 88.481904
8787 206.395749 38.959707
7940 91.598242 58.346894
7848 3.247914 -73.073486
9244 131.524489 15.400310
9101 161.265636 89.904012
8829 244.904792 27.246504
7581 280.854671 88.718678
7533 54.479169 89.901416
9307 189.619400 20.977628
8362 152.032510 89.639309
8056 197.343278 65.200790
8849 271.424968 60.846038
9037 282.322699 -19.852605
9409 284.289634 89.565541
9151 29.641493 -24.183077
7753 119.812128 -80.199608
9492 13.822349 -30.138995
7978 119.792216 52.997150
9042 282.188210 87.732392
7865 22.972629 -64.029197
9491 12.592544 -35.209969
7797 304.139529 -46.430849
8066 213.718400 63.614413
7513 232.233124 68.229645
8213 274.389841 84.285022
7485 195.302810 76.818554
7596 296.049996 88.718719
8502 114.402611 15.329524
8969 211.246047 32.380633
8277 58.767908 -42.348241
8430 215.349656 38.204459
8908 158.470141 32.296596
7634 139.591329 63.164059
7968 110.195294 50.126067
9257 38.620827 -79.373617
8314 89.407577 63.989933
9103 161.501007 88.357387
8938 186.829033 29.581475
9228 20.348638 -79.233278
7976 118.809664 45.752902
7664 167.191589 76.830424
7567 32.360511 -80.237946
7502 205.411146 89.831744
9505 16.716696 -18.033380
8674 279.605473 88.718667
8328 110.629445 35.437070
9173 226.361108 21.097130
7803 314.819247 -57.297211
7563 85.225770 89.903435
7911 56.828839 -51.082566
8332 122.966500 89.113525
9155 33.126580 -23.081589
8183 333.190771 -50.555990
7479 184.198675 77.542980
8449 233.166621 39.039743
8981 40.804401 89.326207
8586 218.503355 71.570395
9252 138.494280 23.112455
7814 322.212298 -64.720113
8386 174.263930 46.118809
7989 132.001358 51.548302
7882 27.782242 -53.578026
8054 208.821065 89.640807
8626 45.177056 -28.689817
9223 100.711984 89.035200
8821 243.031187 21.504968
9133 12.192500 87.732387
8736 25.791267 -80.526140
9235 124.632275 25.542266
8738 338.813177 -32.360031
8164 317.430943 -53.140691
7898 44.311699 -48.373265
8084 58.261750 89.566605
9134 13.571981 88.718856
7879 23.097417 -48.507051
8521 302.840361 -32.517647
8668 289.837295 -70.201111
8112 264.940785 61.583769
8486 94.271521 89.699544
9019 269.850125 48.847320
8515 302.415102 89.640291
7494 224.622348 78.991824
8994 45.031826 -20.936606
8334 114.252501 43.550862
8243 33.521412 -41.765327
7549 252.528244 57.016472
9441 322.147177 15.254233
7943 93.969199 50.378225
9250 137.797431 28.183424
7663 170.713571 80.452552
7686 25.098033 87.732499
7866 26.287630 -66.926899
8480 264.494802 44.684082
8135 288.158054 -38.718545
9531 224.297710 89.377066
7533 234.851543 89.831357
8442 227.284288 34.693190
8486 273.581747 89.325677
8699 307.493358 -28.247330
8610 216.363024 89.566660
8753 359.068580 -28.013862
8816 233.683604 26.001949
7763 286.683280 -43.773895
9489 10.945764 -35.209973
7904 49.683226 -56.153537
8100 245.568736 47.575214
8302 92.590187 89.377080
8166 319.908352 -56.762816
7693 27.440403 -74.344662
8449 233.166621 39.039743
9523 207.965922 -26.958909
8709 310.479255 -29.888515
8970 211.671736 26.585226
7833 345.278321 -62.377454
7883 28.914962 -55.751309
8089 236.261689 44.105472
9643 163.958982 -21.149234
9469 162.578627 15.782904
9431 313.483471 20.940528
7868 220.867524 -87.005442
8406 192.478629 48.992971
7550 71.543247 88.357426
8552 334.324279 -44.880417
9317 200.427827 15.930282
7801 313.641320 -58.021642
8163 315.018088 -39.906317
8287 67.742173 -37.910531
8496 110.302635 26.847172
8870 122.114510 33.483062
8211 183.146449 89.034971
9248 136.275945 27.459005
8829 245.899519 21.451106
8283 65.292614 -44.521511
8368 150.248026 42.435310
9193 251.270887 89.376330
7678 33.053828 -84.591648
7491 203.108581 71.747573
8564 346.542148 -36.795020
9029 287.144640 63.624401
7856 10.005064 -65.104805
7585 76.382492 73.697193
8408 193.658266 37.402159
7892 40.914029 -62.861749
9180 234.584633 19.648276
9119 356.652212 -19.466310
9123 1.513499 -24.537283
8213 271.008621 83.535018
8524 311.642003 -33.242080
9440 315.226803 89.566591
8236 25.844435 -45.151064
9450 141.930474 21.632205
9088 326.761447 -22.523415
8580 187.108342 89.566469
8595 14.294241 -37.828232
8484 92.785892 89.832269
8580 186.361073 89.832651
9646 164.036191 -32.644784
8008 153.069519 56.759348
9141 23.288783 -30.702894
8606 30.222343 -37.260216
7983 124.970436 49.375019
8820 242.726925 25.851522
7915 60.703047 -48.184864
7718 61.307523 -63.677674
8782 201.307775 36.062007
8815 232.920900 24.553097
8562 343.895056 -34.738466
7539 241.458136 63.536300
8844 87.288874 56.952185
8455 242.891091 88.357510
8479 263.459958 46.132936
8902 149.208359 34.470416
7579 278.736230 68.104495
8536 325.624180 -44.716002
7654 174.858739 89.113965
7521 244.333974 81.612526
9656 169.238563 -23.161781
7660 153.136974 85.523545
7570 273.517473 75.172249
8835 252.447277 25.073233
7746 85.237204 89.300713
8232 20.301821 -55.210686
7867 216.800925 -87.729866
8315 92.748633 65.438785
9436 318.101128 18.042831
8825 248.233962 88.357396
9004 57.983978 -25.466958
9470 343.920279 89.830130
9141 22.906044 -28.529625
9170 221.726463 19.648273
8373 158.445113 41.710897
7546 250.480199 64.260724
9123 0.773964 -24.537284
7851 5.424696 -69.451361
9261 146.086042 27.948045
9448 140.480033 18.734509
9540 226.438981 -20.255523
7927 76.180327 -50.541492
8452 238.925112 28.986308
7868 233.706121 -86.281016
8644 29.246291 -79.830741
9112 351.213457 -23.088458
8286 65.987518 -39.359380
8035 181.650070 65.012309
9284 159.967267 89.300920
7993 149.005960 89.113520
8807 222.545156 28.186968
9297 174.204682 19.528789
8972 213.175468 25.860803
8938 185.660971 26.683762
8969 211.284453 30.207351
7799 309.830417 -58.021633
9143 24.496858 -21.285373
8567 349.902933 -36.795023
9021 282.613812 72.438171
8934 181.301308 23.061614
8473 253.240435 29.721383
7781 300.449222 -67.507500
9460 147.107024 -20.311685
7969 109.960778 53.023772
8823 66.561066 89.300373
9176 229.583480 16.026159
8626 44.757570 -25.067694
7758 280.657523 -49.697595
8615 216.906961 65.552016
7727 82.002018 -75.992897
8671 276.365961 89.300619
7770 292.889711 -48.120444
8911 164.041196 32.296516
8150 300.822398 -36.284194
7511 239.412570 81.269298
8732 157.304041 89.640615
9489 10.540843 -33.761114
7836 358.576054 -73.243471
8381 169.342012 46.843717
7973 116.303693 58.094746
8510 117.073945 27.053981
8616 217.636756 66.302020
9618 138.156815 -23.800701
7704 28.075195 -78.065605
9474 164.510805 21.894196
8640 246.363775 89.565724
8446 229.307399 30.346652
9102 340.809928 89.699253
8552 333.949582 -42.707141
8024 178.633303 89.113786
8074 221.931380 51.299164
9124 2.217765 -23.812855
7647 155.045757 73.242407
9543 230.055666 -22.428789
9339 25.644080 25.507635
7601 109.631997 76.135429
8372 156.160238 38.088765
8043 189.581972 57.043675
7914 60.554113 -56.153540
9436 318.586203 23.838231
8810 226.162975 26.726379
9257 31.183203 -79.944030
8462 248.051451 32.244248
9049 292.810238 -18.317451
8687 298.974219 -29.865667
8028 174.263237 61.385355
8094 240.400345 37.585643
8321 117.034476 66.887632
8922 169.249114 30.698504
8388 176.205230 46.118620
8578 1.877931 -35.346178
9648 166.519660 -31.076282
8805 221.014301 26.738109
8258 45.474202 -38.867628
8484 92.787218 89.034554
7533 13.144396 88.605378
7916 63.722942 -57.602387
8370 153.160629 36.639925
8428 213.736967 36.755613
9259 139.231882 27.948010
8770 184.328540 31.721752
8768 180.174026 33.895003
8123 278.725697 -39.624276
8643 29.257806 -79.829182
9295 343.986191 -20.910384
8792 215.998547 89.114051
8365 147.513420 42.435306
9481 169.546336 16.823196
9651 170.430201 -30.351873
9131 9.958392 89.566744
8687 298.961566 -25.519117
9268 147.891872 24.148813
8454 242.975094 89.901190
8689 300.643532 -27.522894
9473 164.060162 25.516332
7984 127.869099 58.068128
7799 309.838503 -57.297216
8985 239.272849 50.585327
7534 235.356789 88.718717
8117 259.305668 54.981147
7869 282.297109 -86.686802
9498 19.234751 -29.414571
7749 98.271509 -66.239489
9531 224.484230 89.640183
8228 17.529484 -58.832805
9103 162.880807 89.326136
8225 12.048115 -55.210684
8858 39.209894 -80.262335
8859 102.850738 18.935991
8136 288.345590 -22.781196
8845 92.721112 42.453701
7664 170.432876 76.105998
7692 32.617477 -17.930453
8756 2.763810 -28.576556
7797 306.021104 -52.950670
7497 217.818714 72.472004
8060 206.967504 64.476394
7542 246.277006 67.882849
9069 121.931102 18.356863
9225 282.887136 89.326155
9680 10.404829 -24.494053
8741 344.329178 -33.084524
8926 176.036113 31.480254
8454 242.975094 89.901190
9227 35.150541 -80.170365
8524 310.856406 -33.966496
8828 25.948913 -79.045555
9520 205.701617 -26.958902
7843 284.858483 87.552405
8970 210.998494 21.514249
8250 39.835107 -41.765329
8678 293.664707 -58.995821
8615 217.511031 65.552024
7619 127.361506 62.401893
9640 161.769545 -26.220178
7498 210.680285 67.401025
8132 286.433553 -38.718551
8734 158.229329 87.394632
7993 148.071063 89.903193
9255 310.818269 88.357366
8606 30.153890 -35.086938
7647 153.783917 65.998168
9139 21.403737 -27.805193
8648 67.485940 -30.015598
7773 295.997017 -49.569294
8598 20.344925 -42.899205
9318 14.099045 89.113440
8906 156.552768 35.918690
8484 93.348154 89.034876
8834 251.686874 22.175531
8851 274.454575 52.877368
7514 235.491926 68.954066
7641 340.858297 88.718658
8121 265.489191 50.634601
8195 345.950931 -49.107138
8288 68.598432 -42.981499
8377 163.055562 38.813202
7660 153.523552 86.972393
8300 85.454122 -43.890299
8126 281.345976 -39.624280
9438 320.807824 19.713022
7750 104.815201 -72.759316
9020 272.888161 47.398472
7957 103.877668 41.703945
8567 350.051812 -41.866006
9245 133.505217 23.368985
9449 141.220073 23.805477
8342 126.112411 38.479890
9459 145.624653 -18.138415
9089 329.078247 -25.421109
9538 223.724320 -22.998624
8817 235.160016 25.277525
8492 106.514071 27.571594
8755 2.695222 -33.647524
7988 133.015841 58.792551
8335 115.581936 39.928732
9029 290.654560 71.680777
8607 30.918905 -41.606765
7974 115.718711 48.677221
9647 164.864136 -33.369204
8339 122.989969 42.826446
9151 29.548184 -30.702895
9143 24.493061 -22.009800
8362 332.406592 89.300785
9366 46.305609 -78.285778
8162 313.158856 -38.457462
7634 140.412884 69.683890
8121 265.807791 49.185751
9003 55.048971 -24.018105
7533 55.225562 89.376937
8983 28.946443 -79.073734
8918 33.865079 -79.369831
8328 110.119672 32.539366
9649 167.342552 -26.005327
8040 186.958233 58.492514
7578 276.932205 68.104497
8681 292.296252 -25.564928
9308 190.596558 18.804355
8608 32.853975 -38.709062
9298 175.002289 18.079935
8803 219.888789 32.533505
7628 38.376642 -78.838057
8339 122.126324 42.102018
7681 125.843354 -84.591624
8423 32.222780 89.300865
7973 117.644393 58.819166
7856 8.060268 -60.758264
7812 319.016873 -61.097983
8370 155.353546 43.159743
7895 42.529765 -54.893081
7886 33.171450 -54.893081
8636 56.893488 -28.708027
9223 280.899571 89.376914
8627 45.958880 -30.863100
7680 68.742125 -84.591637
9196 25.847885 -79.060360
7835 351.342829 -67.448269
8431 217.539341 49.070833
8655 78.321060 -38.855275
8190 340.254454 -54.902538
8191 341.411396 -46.933859
8218 4.174993 -53.761836
9046 289.286438 -17.593023
7685 204.112209 89.639069
9085 323.860582 -24.696686
9115 354.106359 -25.261720
8048 195.824867 50.646710
8764 8.230584 88.718760
8845 93.682214 38.831574
8254 41.549592 -35.245505
9166 32.539337 -81.415044
9318 15.033606 89.377114
8048 198.052078 49.922291
8827 24.253437 -78.369980
7498 224.723238 73.920857
8847 95.456512 42.453699
7617 122.039490 64.575169
7542 246.486411 71.504981
8725 329.863601 -34.703206
9098 336.779612 -16.670443
9284 341.275991 89.376807
8437 222.231126 38.928890
8519 39.018007 -79.582405
7764 286.523238 -55.364693
9102 340.810796 88.718713
7930 82.591721 -51.990345
7535 55.357103 89.325681
9223 100.898776 89.565746
8369 152.784245 37.364344
8593 12.167938 -40.725934
8064 210.950886 62.889990
7884 30.091035 -55.026880
7644 34.475695 -79.111900
9162 39.960573 89.300755
8357 139.514926 44.431949
9223 100.151872 89.832185
8362 332.219577 89.034848
8891 136.270159 32.279995
8396 181.865762 36.677740
8627 45.507535 -26.516545
9259 140.067822 26.499162
9455 139.911064 -21.760543
8464 246.383663 54.142883
9562 75.234712 89.832714
9268 147.595602 18.353401
8346 133.769325 37.755468
9632 153.578908 -22.962662
9034 338.710829 79.951080
8074 220.837955 50.574743
8908 158.434217 30.847786
9043 283.568207 89.699505
7472 358.900074 88.484122
9212 270.336664 -43.842058
9438 320.095899 18.988596
8750 354.453069 -26.564961
8603 26.013106 -36.535790
7816 327.716324 -70.515504
8959 199.030287 26.647937
8722 326.336732 -27.458960
8626 45.175855 -27.965393
7496 219.576871 74.645270
7826 346.510166 -76.865724
8831 246.622338 21.451105
7900 46.381214 -49.097687
7665 173.678441 75.381570
8528 317.953001 -45.440421
8268 51.431321 -41.768230
8193 342.794800 -46.209437
8689 300.473604 -18.829801
8316 98.550125 66.163214
7795 303.329167 -50.777397
8933 179.481710 22.337171
8265 245.001562 54.188565
8548 27.688691 -80.251540
9561 253.923635 89.639498
8491 115.843942 60.968563
8393 2.782915 89.565975
8831 247.269826 24.348811
9010 70.886671 89.639666
8796 28.545019 -78.050173
9507 18.127118 -17.308950
8979 219.951330 89.566426
8675 21.717008 -79.241922
7501 221.364210 66.676597
9476 166.239585 28.414027
9350 239.272849 50.585327
8056 197.372342 61.578678
8041 187.178374 49.799452
8107 258.784998 45.401936
9340 26.347181 23.334363
8850 272.907170 57.948339
7582 282.925535 87.732381
9653 165.051543 89.034789
9409 284.289853 89.035022
9528 213.844174 -24.684936
7472 355.222636 89.640646
8959 199.030287 26.647937
8923 171.248310 32.907034
7856 10.005064 -65.104805
8812 228.399990 27.450804
8791 208.822311 30.990880
8555 337.209484 -44.155991
8989 39.091421 -15.865627
7953 99.837655 45.326068
7746 84.114750 89.565531
9240 128.378982 22.644560
8531 320.829427 -45.440425
9525 210.085244 -21.887932
8820 241.981356 27.300363
8516 122.204227 87.732412
7620 129.364960 67.472875
9077 316.565207 -22.523411
9626 147.982399 -28.257544
9341 27.254623 15.365687
9524 208.231592 -20.439081
8984 238.504604 51.335328
7725 76.290317 -73.819616
9348 44.099854 89.113497
8257 45.529520 -40.316474
7810 322.998784 -76.310899
8491 113.041719 61.692982
7987 128.446980 46.477326
8620 37.373464 -24.343271
8505 118.603570 16.053953
8337 119.166455 39.204318
7776 294.307210 89.904277
9562 75.233182 89.301257
8003 146.427871 52.412806
8532 321.386990 -42.542721
7590 88.365342 73.697200
8850 272.907170 57.948339
8598 19.218479 -40.001510
9562 75.234712 89.832714
7956 103.764315 48.223769
8839 84.669958 69.596355
9562 74.486775 89.830610
7547 253.393233 67.158421
8107 258.814039 46.126365
9649 168.091992 -27.454177
9493 14.586917 -33.761116
9299 176.687957 20.253209
8209 0.781091 -50.242540
7694 29.980567 -68.549264
7729 82.021120 -72.370776
9330 210.801874 19.516812
8979 40.513719 89.904414
9262 148.405245 29.396953
7796 304.073730 -47.155262
9103 161.501324 87.394793
8303 92.252035 31.658417
8415 207.036057 46.984341
9361 49.832954 18.979244
9432 313.855866 18.042824
9458 144.916725 -18.138408
8985 239.745232 52.085330
9492 13.765624 -34.485543
8159 310.607523 -39.181897
7836 351.781011 -65.999439
7735 91.362782 -67.299800
7477 181.628978 71.747573
7703 43.355503 87.732332
7791 298.906244 -51.501821
9363 52.644619 19.480828
7640 150.101110 69.683885
8049 200.068655 50.646724
9241 129.810466 18.298014
8865 118.423605 23.029575
9173 226.058221 17.475007
8985 239.338386 52.085324
7925 71.643772 -49.633717
8558 340.355942 -41.982715
9175 228.873577 18.923857
8513 120.095575 27.053976
8744 346.956162 -25.840437
8324 106.965745 31.090515
8082 236.711233 48.541483
8576 359.303531 -39.692723
8402 187.815683 45.370838
8701 306.928286 89.034607
7863 21.224710 -66.202476
8564 347.245419 -42.590429
8785 203.802859 35.337584
8512 119.909685 32.849381
7732 79.341613 -64.402098
9029 290.654560 71.680777
8208 0.637628 -56.037945
7855 12.490739 -73.073476
7680 83.017478 -84.591632
9656 169.970302 -23.161770
9068 121.231827 24.152266
7887 33.703514 -52.719805
8262 240.402496 54.188561
7976 118.538655 47.201752
9187 245.571410 18.098640
7971 112.197745 53.023774
9409 104.476853 89.376809
8088 236.309077 34.687941
8199 348.321872 -47.658287
8234 20.776749 -47.324344
7761 284.663930 -47.524319
8064 210.950886 62.889990
8393 182.221554 89.639846
8999 51.388645 -17.314475
7823 345.092296 -81.212217
8063 208.864427 59.405445
9018 262.726432 35.309937
8112 266.369076 60.859350
9067 120.509589 19.805711
8951 191.492676 87.732383
7939 90.178938 55.449199
8953 26.495489 -81.536718
8793 217.307397 89.640280
8353 141.418392 54.645078
8895 140.741458 40.972400
7865 26.136627 -69.100174
8699 307.015211 -26.074061
7725 75.719171 -74.544048
9022 284.843419 72.438165
9274 153.325005 21.251113
7796 305.828069 -59.470485
9534 219.564004 -25.302592
9125 2.924109 -15.844152
7827 340.415668 -68.172843
8423 32.971187 89.565770
8054 29.008931 89.034738
7563 265.414770 89.832042
7752 105.620848 -75.648036
7869 27.911544 -60.039907
8306 96.206125 30.933992
8032 179.870476 64.275686
7906 52.098966 -56.153542
9562 74.484819 89.034845
8303 91.973551 36.729400
8040 187.008427 63.563486
8656 78.441713 -30.162174
8835 251.715199 27.246502
8126 282.219872 -35.277723
7714 57.465068 -64.816920
8154 306.340686 -44.252872
8654 76.098861 -34.508731
9464 148.103218 -23.807357
8231 16.291219 -46.517585
9624 142.616237 -28.981974
8047 194.685127 51.972752
9358 45.554996 20.428103
8856 98.924575 89.699481
8542 331.597021 -47.613695
8532 321.476515 -41.093875
8721 325.268663 -30.356656
8863 108.107251 15.313855
8242 214.467968 65.052022
8388 176.205230 46.118620
8909 161.568555 30.847713
7942 95.477545 62.693443
7683 165.555581 -85.317374
8166 321.135765 -56.762817
9431 312.478721 15.869551
9520 205.701617 -26.958902
9181 236.013327 19.648279
8249 38.517879 -39.592057
8566 348.159311 -42.590425
8545 332.230093 89.376800
9343 29.830206 22.683088
8047 193.431957 49.799487
9281 158.749292 23.143818
8984 237.697900 50.585327
7970 111.613677 49.401643
8472 251.979172 34.067936
8025 169.344576 49.781533
7701 42.903280 -69.273684
7847 0.354757 -62.207111
8975 215.448419 27.309652
9476 165.947909 22.618622
7489 208.140270 78.267397
8592 11.314397 -40.001509
9517 202.754540 -24.785634
8938 185.674886 25.234916
8862 107.128182 19.660410
7837 353.438664 -66.723824
7918 64.638129 -53.980262
9195 72.884621 89.699792
7776 114.491423 89.300601
9073 132.878200 89.326072
9010 250.513760 89.301017
8867 281.492925 -25.324272
7932 268.067692 89.035029
8397 183.340832 48.268533
9332 214.254435 15.894686
8968 210.201980 25.136381
9464 149.256240 -25.256215
8324 107.222577 39.059190
8436 223.644944 48.346415
7607 123.669395 76.135430
9299 177.860185 17.355511
8751 356.709634 -26.564994
7565 85.358705 87.394699
8987 37.866769 -20.212175
8600 22.879073 -40.882345
8149 299.231889 -39.906320
7803 314.882985 -55.123939
8802 219.045663 34.706774
7976 115.897878 45.055093
9016 260.301269 30.963374
9465 159.771420 17.231755
8258 46.301496 -38.143208
9637 158.605537 -19.340537
8075 223.159186 53.472447
9081 320.641544 -16.003585
8997 49.387702 -22.385449
7715 235.048744 89.113598
8454 242.973213 89.376592
8854 97.123618 89.034910
9359 47.698673 18.979239
7860 18.061092 -65.478045
9622 313.926674 89.640032
9066 313.490794 -21.151769
8601 22.754537 -35.086941
8339 122.989969 42.826446
7758 280.657523 -49.697595
9496 17.206034 -27.241300
8811 226.813670 28.899649
7993 329.380071 89.034954
9651 169.672705 -31.800716
9122 0.644692 -20.915150
7472 175.035859 89.830882
7916 61.629940 -53.255840
8475 255.230086 31.894660
9523 207.965922 -26.958909
8117 258.504702 49.910174
8834 250.617174 28.695351
8810 225.323256 28.175223
8490 108.648366 62.417410
8243 33.660248 -44.663022
7572 290.993759 80.967641
8224 9.938380 -48.690860
8109 261.545640 40.330956
9461 148.541736 -20.311676
8468 254.423136 54.142892
8495 109.549832 27.571590
8181 153.383152 89.300725
7904 49.766023 -53.980270
8974 213.928592 26.585229
7559 265.950831 69.646983
7696 32.719669 -67.100413
7919 66.593498 -56.153543
7797 305.390697 -51.501822
7595 115.359987 88.357336
7986 129.513979 55.894850
7837 351.464877 -60.928537
8487 27.589114 -79.771890
8677 287.879999 -56.822550
8523 309.234083 -33.966492
7811 320.524951 -68.342233
8613 219.603030 87.732429
9118 355.930971 -15.844172
9164 222.885236 87.394670
8099 244.616112 30.341391
9070 130.140860 89.904005
9172 224.583832 19.648278
8218 3.674351 -49.415283
9493 14.581800 -34.485545
8513 120.710480 32.849378
9162 221.269371 89.902775
9037 283.746344 -21.301443
8153 304.532203 -39.181894
8772 188.281114 33.170610
7621 130.253373 63.126325
8991 42.467118 -23.834298
9050 294.921484 -15.419747
8441 226.159152 31.071071
8454 242.598885 89.377173
9334 21.281447 19.712234
8592 10.436173 -40.001508
7574 294.125728 75.896670
8886 128.235660 89.700503
8993 44.680063 -23.109877
8172 330.968257 -53.865119
8952 26.208248 -81.521816
9645 158.507154 -30.471514
8804 220.258410 27.462534
7503 6.375425 88.510230
9452 136.346688 -20.311697
7797 306.647198 -55.123941
8283 64.308944 -43.797092
7807 145.053714 89.034465
8271 62.776631 89.114013
8332 302.966769 89.565883
8610 216.923828 89.300560
8405 190.270784 37.402164
8122 268.671225 50.634595
8104 254.024530 44.677513
7497 220.135089 73.196424
8506 114.189747 35.747072
9211 269.308445 -46.739764
8433 218.390984 43.275435
7973 117.576594 58.094745
8965 206.557309 26.647940
8953 29.210327 -80.444349
7498 224.723238 73.920857
8497 111.722083 22.500618
8181 334.317612 89.639539
8798 215.640621 28.911381
7586 79.512855 76.594890
8677 288.312439 -59.720252
8874 125.125324 27.687661
8471 251.129706 34.792355
8597 18.508190 -42.899208
8286 66.081230 -36.461680
7985 129.141048 58.068127
9524 209.345460 -21.163504
7535 237.425628 89.700287
7771 293.910469 -48.844866
9051 295.644862 -18.317446
8537 325.939886 -41.093875
8435 220.883749 45.448706
8184 333.520430 -56.351390
8369 152.586738 43.159739
7812 318.812301 -61.822408
7481 224.669448 86.960499
9362 51.235734 15.858706
9647 165.734172 -31.076285
8681 293.036459 -27.013771
9341 27.254623 15.365687
8768 180.174026 33.895003
8109 262.696756 46.126367
9458 144.954953 -20.311682
8317 101.104598 64.714353
8596 15.997730 -37.828232
8689 300.595442 -28.971747
8574 357.533027 -38.968293
8995 46.083970 -15.141200
8498 112.433063 21.776196
9364 26.219773 -80.459035
8500 111.593158 16.778373
9494 16.709527 -35.209968
7801 309.014168 -48.604118
7949 101.101624 52.551495
7498 214.749901 70.298726
7808 316.073767 -69.791088
8648 67.485940 -30.015598
8856 278.235601 87.394770
8596 16.628794 -41.450363
9522 207.181237 -21.163509
8044 191.849310 61.390218
8335 115.581936 39.928732
8875 126.990039 32.034217
9145 25.218852 -21.285371
9107 346.145561 -22.364042
8765 8.920255 88.718822
7965 106.946447 50.850491
7776 115.238543 89.565635
7976 117.859193 45.779521
8729 334.750872 -28.876351
8801 218.047255 24.564836
8194 347.310749 -59.249090
8065 212.387687 54.921313
9160 218.327167 15.956888
8428 213.583137 38.928886
9618 138.144213 -24.525142
8738 338.813177 -32.360031
8884 126.939013 89.034778
8472 252.259261 39.138907
7500 218.237212 65.952179
8524 311.927422 -31.793223
8439 224.795256 42.551013
8566 349.062741 -36.795026
8895 140.246210 33.728889
8122 268.805394 56.430001
8499 109.818320 18.227232
8814 231.438061 26.001942
7736 75.218754 -62.079122
9010 250.513760 89.301017
8446 230.567841 38.315320
7873 216.274211 65.302015
8494 108.002283 29.744869
8210 2.583322 89.902272
9462 150.013697 -21.036100
8095 241.820094 40.483340
8070 217.507800 53.472460
9470 164.105202 89.901696
8845 93.644360 41.729273
8331 112.489090 31.814941
7650 156.266526 62.376056
9088 326.761447 -22.523415
8982 43.564710 88.357431
9492 13.828586 -29.414571
9098 336.123667 -20.292568
7750 104.731395 -67.688339
7715 54.861902 89.566778
7772 294.204778 -46.671596
9679 9.716757 -17.249803
9020 272.595363 49.571741
8331 112.541195 41.956890
7813 322.662260 -72.688782
9641 162.519007 -27.669031
8299 85.599590 -46.788002
8041 187.719415 53.421567
8139 292.051593 -32.852048
7884 29.225236 -50.680329
8711 313.538450 -26.990819
8668 293.635348 -73.098816
7897 45.843096 -57.790773
9379 254.849741 89.831364
7650 155.998785 64.549320
8456 243.581249 88.357378
9501 193.920965 89.113893
9642 163.233329 -20.424806
8430 215.663015 42.551013
8578 1.107067 -36.070602
7873 217.355256 64.552016
7593 114.667357 89.902661
9364 30.650020 -82.632319
7787 310.986186 -66.783075
7936 90.143233 -49.735281
8425 210.559056 43.999855
9315 197.621816 21.001247
8759 5.039979 -26.403289
8936 183.017332 28.132609
9010 250.512681 89.831392
8608 32.718372 -41.606768
7702 44.911440 -69.998116
8775 193.997951 34.619489
8982 29.003305 -79.071610
7783 305.925691 -71.854054
7698 35.158325 -65.651563
8207 359.705546 -48.069276
9167 219.045812 16.750579
9468 162.340064 26.649279
8777 196.443524 34.613154
8210 2.211724 89.904685
9154 30.967726 -20.908316
9334 21.320470 16.814535
8864 114.778129 22.305152
8645 24.600868 -78.617397
8332 302.966902 89.300717
8658 309.982596 81.979502
8308 98.672336 36.004976
8210 2.211687 89.640245
8636 56.114985 -32.330147
8527 317.013136 -41.093869
8014 159.405856 53.861633
8555 336.735830 -41.982717
9281 158.764889 28.214788
8770 183.767913 36.068282
8466 249.307030 51.245194
8482 267.651413 42.510813
9335 22.017105 17.538967
8962 202.793799 26.647935
9523 208.787909 -30.581025
8128 283.949630 -38.899851
8943 191.595354 24.510505
8840 91.456715 71.045196
8984 29.694933 -79.791718
9226 35.110474 -80.202395
7936 90.150560 -50.459709
7632 140.166602 74.030434
9352 37.613487 23.174018
9466 160.466093 19.405038
7838 354.021109 -63.101741
8239 32.630993 -46.599920
8535 323.190740 -36.747319
9455 140.682795 -15.965139
8065 211.994718 52.748041
7606 117.121925 70.340037
8020 164.162685 63.240447
8262 240.402496 54.188561
7491 198.432525 68.849872
8885 126.165702 89.699471
8845 93.682214 38.831574
8869 284.511320 -28.221974
7941 93.455221 51.827078
8356 136.788820 42.983102
7671 189.902774 88.357292
9510 21.822370 31.257575
9066 314.199621 -20.427352
9621 144.825150 -25.249560
7717 60.734128 -69.473071
8972 213.167895 21.514257
7624 145.231509 89.377083
7704 32.242241 -81.426413
7956 103.615443 43.877222
7936 90.156975 -51.184134
9223 101.086367 89.565853
8428 213.637405 38.204458
9211 270.203456 -50.361886
8793 37.307750 89.565799
8687 298.181958 -32.763365
9455 139.943451 -19.587268
7913 57.561108 -48.909290
8612 37.532630 87.394681
7881 26.611516 -54.302451
9223 101.272074 89.832650
7705 27.863705 -78.073987
9178 232.850854 21.097128
8615 213.282573 64.802020
8119 263.995075 54.981151
9562 255.045806 89.113795
8779 197.744000 38.959707
9261 146.833386 26.499189
7585 76.895023 79.492591
8953 26.640458 -81.543681
8009 153.110096 51.688358
8129 284.865665 -40.348696
8795 39.611545 89.699249
8622 39.456853 -27.240970
8949 190.883071 89.832323
8146 119.202037 89.566195
8444 228.896932 36.142042
8970 211.709491 22.963101
9537 224.394315 -16.691475
7491 208.612999 75.369706
8481 266.380308 45.408507
8729 334.749988 -29.600780
9635 156.515904 -24.411517
8078 228.830881 46.368256
9014 35.083479 -80.712623
8249 38.783211 -43.938601
7899 47.047704 -57.066357
7748 96.601788 -66.239490
7614 28.808233 -80.049867
8899 144.137326 30.106777
8526 314.215600 -30.344372
7820 334.052161 -80.487992
8554 336.002869 -39.085018
8438 223.706242 44.724283
7570 289.760816 86.038617
8443 228.416365 41.937446
8654 76.901786 -32.335456
7892 40.814083 -63.586172
8491 113.041719 61.692982
8093 239.541152 38.310067
8170 326.403155 -53.140690
8571 354.556546 -42.590422
8790 208.704982 34.613139
8253 42.540970 -41.765327
8733 336.158208 87.732464
8510 117.504179 30.676096
8505 118.588019 15.329528
7732 82.646364 -67.299795
9276 155.370002 17.628981
9471 345.041139 89.300691
9148 27.364130 -19.836521
8424 32.970700 89.832629
8021 164.723164 45.854259
8334 114.940408 38.479893
7917 62.183433 -51.082566
8477 257.588616 31.170232
8505 119.047245 18.951654
8400 185.429114 43.197561
7902 59.373655 89.903778
7967 109.112022 57.370325
8302 92.590611 89.113684
9261 147.621169 28.672501
8074 222.873135 54.196875
8150 301.644470 -44.252863
9493 14.586917 -33.761116
8295 77.734671 -39.543757
8356 143.812819 50.298528
8708 310.541662 -24.817546
7483 187.245269 68.849876
9462 149.905700 -18.862831
7812 320.408839 -61.097983
8666 74.631263 81.211323
8578 0.999900 -34.621748
7859 15.987972 -66.926896
8068 216.956440 62.165560
9528 213.097759 -26.133778
9355 40.500293 18.827469
7719 65.270038 -80.339448
9162 220.895936 89.903887
8302 93.338759 89.114113
8688 299.713777 -26.243543
9211 269.308445 -46.739764
8067 214.399619 51.299186
8992 43.611846 -19.487751
8294 76.962871 -46.094695
8141 292.871846 -30.678768
8211 3.334012 89.903345
9352 36.937045 19.551893
8685 297.448415 -27.692394
7956 103.714854 46.774921
7479 184.981302 78.267398
8827 33.567595 -80.642129
7727 83.906502 -77.441750
7726 70.375004 -65.850948
9215 274.531782 -33.992451
9446 139.042003 20.907787
8318 101.680422 63.989933
7822 335.616721 -74.692658
7841 178.249410 89.300423
8214 281.679276 85.035015
9040 279.953990 89.300493
8359 29.752876 -16.987101
7686 204.407781 88.357393
8349 137.638089 48.125255
8152 302.491563 -36.284192
7810 317.631685 -70.515512
8534 323.647379 -46.889271
7717 62.248044 -77.441751
8021 164.714623 48.751957
9650 168.084345 -33.973986
9326 204.475290 15.170264
8625 43.272163 -25.067699
8429 214.694892 43.275431
9011 250.115173 87.732393
9256 38.700374 -79.409295
9531 224.859159 89.640064
9236 124.530889 16.124735
7888 35.014505 -62.861757
9445 327.375528 21.665205
8578 1.107067 -36.070602
7566 86.738785 88.357539
9297 173.490869 19.528786
8320 107.816836 63.989923
8585 217.712573 71.570397
7768 290.283065 -46.671591
8885 306.166598 87.394667
7966 107.567863 48.677225
8164 317.634150 -59.660522
9681 11.844844 -19.423083
7664 178.824725 81.901389
7588 88.736334 78.768164
8755 2.644129 -36.545226
9024 264.505669 35.831616
7915 61.187853 -50.358146
8146 119.388591 89.300676
9680 10.404829 -24.494053
7978 120.838579 45.028473
9618 140.025190 -25.973984
8598 19.218479 -40.001510
7604 113.102565 73.962164
8982 29.751328 -79.789428
8460 246.477630 30.795393
7980 122.666334 45.752904
9010 70.515665 89.903393
9641 161.797569 -20.424809
9260 144.570930 27.223604
7864 23.725268 -74.895571
8973 214.491998 36.002757
8770 184.226421 33.895016
8247 37.129232 -41.765327
7491 206.873566 74.645275
8385 172.732654 43.945478
7943 94.954864 51.102652
8400 185.807132 46.819689
8154 305.400104 -39.181892
9182 237.407850 18.923854
7603 126.317107 85.552962
8957 216.837381 65.051698
8611 216.151919 89.699722
7938 88.568567 56.898048
8966 208.137379 28.821215
8750 354.431393 -25.840541
7702 44.911440 -69.998116
8793 217.119308 89.640197
8102 250.383056 43.228671
8381 168.517198 45.394821
8206 359.435978 -57.486795
7524 253.135991 76.541562
9379 73.912769 89.900527
8216 2.804480 -48.690859
9455 140.682795 -15.965139
9251 137.718388 15.143781
9318 14.473548 89.639769
7810 318.959621 -71.239930
8981 220.114293 88.718970
8353 140.647634 51.022949
8357 138.572806 44.431955
8721 325.262748 -29.632235
8271 62.963804 89.113805
7965 106.766560 56.645894
8454 242.038223 89.113675
8314 90.531311 69.060905
9503 14.594178 -18.033383
8513 120.113189 27.778402
8068 215.733895 56.370166
9041 280.117526 88.718575
9445 328.173848 26.736177
8124 280.430082 -41.073130
9450 133.713752 -15.240717
7776 114.677886 89.300812
7650 156.743728 60.927215
8171 327.814100 -51.691844
9072 310.808127 89.699895
7932 268.065963 89.831920
9440 314.104658 89.566185
7963 298.069142 89.565710
8966 207.589657 24.474664
9105 22.445558 -80.892497
8600 21.709495 -37.984641
8960 200.558617 25.923512
8971 212.049937 31.656198
7928 76.582037 -49.817069
7955 101.179793 40.979520
7482 205.043188 84.062799
8610 216.549302 89.566188
9440 314.104658 89.566185
8022 165.845717 55.271780
8902 149.144351 35.194689
8243 214.785507 65.677017
8509 116.666993 36.471503
7663 162.439293 78.279281
8914 156.752553 89.565420
9071 130.890256 89.113642
9656 168.115061 -20.988498
8565 348.222551 -36.795026
7912 60.524190 -62.673369
8533 322.747057 -45.440418
7619 127.276751 63.126326
8348 135.394059 56.093918
9301 179.974702 17.355507
7927 75.784921 -54.163626
8774 192.923020 36.068328
7572 287.809535 80.243217
8260 47.272737 -34.521076
8138 290.675204 -39.371869
7581 102.235678 87.394677
8161 313.197129 -43.528437
8634 54.445077 -29.414247
7908 53.758125 -53.255845
9082 321.300447 -20.350141
7897 46.863306 -63.586180
8558 340.355942 -41.982715
9157 35.278779 -20.183893
9109 347.510282 -16.568618
9470 343.918836 89.300307
7800 311.114755 -58.746066
9135 26.978553 -81.393206
8543 330.572110 -38.920596
8039 185.189303 55.594815
7924 67.766265 -48.184874
8059 203.026256 61.578689
8542 330.518011 -42.542720
8243 215.999469 65.677020
9437 319.282724 22.389374
7945 98.505568 54.724774
7835 348.611999 -61.652994
9213 272.312602 -50.361884
9123 1.393194 -21.639575
7644 25.991336 -80.567278
8937 185.294644 28.857046
8855 276.164651 88.357236
9247 135.614948 17.317047
8680 291.498850 -28.462625
8557 339.096477 -43.431563
7959 102.504594 35.998862
9619 140.773532 -25.973987
7533 55.412360 89.376552
7681 81.991853 -83.142783
8510 117.832056 27.778403
8287 68.253242 -45.879203
8905 153.673506 33.021179
8024 179.007412 89.639834
9680 11.131496 -19.423073
8675 28.845635 -79.928005
8089 237.362594 41.207770
9648 166.532183 -30.351866
8118 260.027370 52.083452
9176 229.584233 19.648279
9503 14.594178 -18.033383
7683 173.822503 -87.490581
7751 101.298712 -80.719010
9294 342.545839 -20.910383
7949 102.163441 51.827068
8386 175.263477 49.016675
7977 118.965427 58.068128
8537 325.383941 -38.920596
7813 326.358576 -75.586482
9658 171.140658 -20.184931
8580 186.922059 89.566118
8339 122.175925 41.377593
8375 160.465385 38.813198
7528 230.303412 55.108712
9089 326.925673 -15.279159
7742 86.625137 -55.559294
8349 137.124926 45.951977
7488 196.863910 73.196426
8497 112.544321 26.122744
9108 345.923635 -25.261744
9329 209.374354 19.516811
9010 70.515665 89.903393
7987 129.103399 49.375024
8739 341.283536 -31.635648
8395 180.154657 45.370837
8787 206.372498 38.235279
9519 204.967974 -25.510052
8081 234.678971 48.541486
8590 7.487829 -42.899203
7551 73.612999 89.326035
7904 49.683226 -56.153537
7527 228.408992 57.281993
8653 74.526743 -31.611031
8957 217.509554 65.551699
8992 42.898206 -19.487752
7686 25.098282 89.699479
8563 345.417946 -38.968298
8024 359.194445 89.300611
9105 34.479529 -79.112542
8285 65.839650 -42.981510
7601 108.451270 76.859863
8075 224.165116 55.645730
8680 291.198439 -22.667227
8202 355.498315 -57.075808
7849 5.549047 -81.766574
8805 221.490403 33.257928
8890 135.454309 40.248749
8672 96.845257 87.394654
8726 330.165269 -28.183382
8943 192.894082 27.408216
7867 188.815443 -84.832161
8332 302.031737 89.566270
8482 268.279639 44.684086
7782 300.850375 -63.885377
8454 63.346904 89.035168
8765 25.915584 -81.329363
8233 19.035821 -47.966438
8130 285.268451 -31.474295
8915 157.127117 89.300601
7827 342.240896 -73.243720
7761 283.857986 -44.626620
9177 231.012925 19.648282
9145 25.933752 -19.836522
8357 143.283405 44.431953
9277 156.776932 24.873046
7866 186.928940 -89.178707
9648 167.297972 -31.800708
8356 143.812819 50.298528
7857 11.935047 -64.380382
9498 19.370607 -32.312268
8884 306.751551 89.640091
8117 259.031772 51.359018
7515 231.538646 59.536539
9036 280.687216 -28.782686
8786 204.133478 33.888719
8431 216.606885 41.826579
9357 43.467648 16.805967
8309 99.321794 30.209570
8655 77.427450 -36.682006
8044 190.818637 57.043685
7638 150.211609 76.203708
9303 184.575897 20.253203
7512 231.675728 63.883092
8299 84.568851 -45.339153
7673 12.663102 88.718849
7578 276.932205 68.104497
8624 43.221776 -33.036373
9103 161.501056 89.325771
9635 156.501496 -22.962671
8154 305.021161 -35.559766
8054 208.821065 89.640807
7835 352.681470 -69.621492
9080 319.394926 -25.421117
8958 198.238729 27.372364
8454 242.224647 89.376867
8185 335.337909 -47.658288
9472 163.142024 29.138463
8087 235.306595 37.585646
8823 66.935593 89.301041
8622 40.273894 -25.792121
8334 114.106890 41.377592
7852 11.265114 -79.593301
8695 305.216331 -29.696176
9298 175.779354 16.631090
9013 31.944978 -80.328760
8165 318.174076 -50.967415
7495 202.672966 66.676608
9023 289.347085 73.162590
7565 266.048391 88.718642
9178 233.111230 17.475004
8195 345.294874 -48.382707
7915 60.217854 -49.633719
8396 181.737753 43.197569
8806 223.156571 35.431213
7881 26.040101 -50.680326
9317 200.427827 15.930282
8053 208.666289 52.095592
7472 174.661429 89.034848
9633 155.023778 -28.758066
9169 221.012120 19.648283
9142 23.427158 -18.387678
8426 211.993127 37.480038
9508 19.579812 -20.206652
9521 207.225026 -30.581029
8515 302.788505 89.639728
9026 277.114759 61.535292
9347 33.385997 17.612116
8024 178.633303 89.113786
8855 277.545170 87.394642
8679 297.782490 -57.546973
7974 116.581798 51.574924
9538 222.299116 -19.376497
9524 208.231592 -20.439081
8754 1.287997 -27.289480
8695 304.770704 -26.798479
7508 227.020974 71.127342
7851 5.424696 -69.451361
7779 299.036990 -74.751750
9149 28.214992 -26.356346
7578 275.890261 64.482366
9062 308.140252 -17.529643
8045 190.315037 51.248310
8734 338.228529 88.718516
7809 318.194317 -66.168959
7673 32.812933 -78.106975
8312 103.327025 25.996844
8987 37.866769 -20.212175
8869 284.432893 -22.426569
8728 333.162965 -31.774055
7746 84.114750 89.565531
8773 191.233836 35.343892
8788 206.467826 30.991012
8772 188.278821 33.895029
8800 216.567861 24.564842
7479 186.878765 79.716250
8833 250.236438 21.451108
7472 174.474883 89.565761
9360 47.313879 15.357117
8408 193.707804 38.126588
9338 24.881832 23.334363
7974 115.718711 48.677221
7907 52.751940 -50.358145
7843 284.858483 87.552405
9048 292.063724 -21.215151
8870 121.326583 27.687654
8592 10.392504 -40.725934
9006 61.647155 -22.569257
8631 50.050276 -27.240968
7873 214.785506 65.177017
7984 126.592142 51.548302
8610 217.111412 89.830789
8812 228.483119 24.553094
8051 205.378319 51.371159
8043 189.581972 57.043675
8223 8.988281 -47.966434
8638 59.936611 -33.030667
8314 91.654336 64.714354
8017 158.994151 46.617370
8145 298.265843 89.376515
8066 213.106110 52.748037
8553 334.711122 -37.636163
8749 354.181129 -28.738196
9328 207.955159 17.343538
7523 258.170222 81.612534
9223 100.525117 89.565717
9085 324.584781 -23.247832
8563 346.205588 -35.346177
9339 25.586667 21.161085
9159 217.625226 15.232465
9042 100.807819 87.394595
7548 250.940355 60.638601
8596 16.800922 -36.379382
9080 320.191578 -23.247841
8849 271.798039 55.050636
8877 128.924045 27.687660
8627 45.628065 -32.311944
7897 45.566844 -59.239625
9682 13.283235 -20.147503
8378 165.736930 36.639941
9339 25.577823 20.436663
7642 342.238491 88.718596
9278 157.326754 16.623984
9351 36.196087 21.000746
7807 324.679643 89.639757
7909 54.882667 -53.255842
8039 184.332668 53.421550
7959 102.511616 35.274429
7487 224.611000 83.338381
9541 227.165511 -18.082245
8688 299.749989 -29.865672
9682 13.320779 -22.320770
7871 28.438448 89.376876
7860 16.550721 -60.407072
9253 130.526179 89.300526
9138 21.608847 -21.285379
9537 222.284230 -17.415903
7688 30.477052 -78.031913
9470 164.480183 89.113988
7922 68.377191 -53.255842
